0,0.033875789,0.000332116,0.016937894,0.006642312,0.009631352,0.016605779,0.048156759,0.013948854,0.000332116,0.020591166,0.003653271,0.019262703,0.003653271,0.003321156,0.000664231,0.006642312,0.02025905,0.007638658,0.03454002,0.001328462,0.003985387,0.016273663,0,0.014613085,0.006310196,0.001992693,0,0,0.002324809,0.000332116,0.008967121,0.001328462,0.004649618,0.000664231,0.001992693,0.001992693,0.016937894,0.00597808,0.022583859,0.000996347,0.033211558,0.022583859,0.00298904,0.007306543,0.027897708,0,0.007638658,0.000996347,0.001660578,0.014945201,0.014613085,0.066755231,0.000332116,0.001328462,0.007970774,0.011956161,0.000664231,0,0.014613085,0.002656925,0.001660578,0.000664231,0.004981734,0.000664231,0.007306543,0.018930588,0.001660578,0,0.009631352,0.004981734,0.026569246,0.031218864,0.004981734,0.007638658,0.002656925,0.000664231,0.007970774,0.000664231,0,0,0.062105613,0.033875789,0.013284623,0.007970774,0.00298904,0.000996347,0.00597808,0.004317502,0.002324809,0.004317502,0.006642312,0.004981734,0.040185985,0,0.000332116,0.000332116,0.000332116,0.000664231,0,0,0.006974427,0.006642312,0.001992693,0.000332116,0.003985387,0,0.001328462,0.000664231,0.000332116,0.007638658,0,0,0,0.001660578,0,0.000664231,0.003321156,0.009299236,0.004317502,0.001328462,0.004981734,0
0.033875789,0,0.00209205,0.016474895,0.010460251,0.002353556,0.029027197,0.006537657,0.003661088,0,0.009675732,0,0.045502092,0.004445607,0,0,0.0041841,0.013859833,0,0.010721757,0,0.001830544,0,0,0.000261506,0.02458159,0.008368201,0.001307531,0,0,0,0.009414226,0,0,0,0.001046025,0.004707113,0,0.001307531,0.000784519,0.006276151,0.031380753,0.004445607,0,0.001830544,0.027196653,0.001307531,0.006276151,0.002876569,0.006276151,0.003922594,0.012290795,0.049686192,0.010198745,0,0.001046025,0.01333682,0.004445607,0.010460251,0.006537657,0.007583682,0,0.005230126,0.004968619,0.001307531,0.014905858,0.004968619,0.007060669,0,0.0041841,0.020135983,0.025366109,0.026935146,0.005230126,0.004445607,0.0041841,0.001046025,0,0,0.001307531,0.008368201,0.10251046,0.029288703,0.023797071,0.008891213,0.075575314,0.011506276,0.007060669,0.000523013,0,0.010721757,0.005753138,0.013598326,0.066161088,0,0.000261506,0,0,0.003399582,0,0,0.005491632,0,0,0,0,0.002615063,0,0.010198745,0,0.016997908,0.014644351,0,0,0.000523013,0,0,0,0.00209205,0,0.00209205,0,0
0.000332116,0.00209205,0,0.025619835,0.00661157,0.00661157,0.012396694,0.004132231,0,0.00661157,0,0,0.011570248,0.021487603,0,0,0,0.029752066,0,0.009090909,0.007438017,0,0,0,0,0,0.001652893,0,0.000826446,0,0.000826446,0.011570248,0.014876033,0,0.007438017,0.018181818,0,0,0.001652893,0.016528926,0.008264463,0.012396694,0.014876033,0,0.004958678,0.032231405,0.008264463,0.026446281,0.020661157,0.003305785,0.015702479,0.019834711,0.020661157,0.014049587,0,0.003305785,0,0.031404959,0.004132231,0.000826446,0.005785124,0,0,0.003305785,0,0.019834711,0.004132231,0.004958678,0,0.015702479,0.030578512,0.012396694,0.037190083,0,0.014876033,0,0,0,0.027272727,0.009090909,0,0.089256198,0.028099174,0,0.027272727,0.010743802,0.003305785,0,0,0.003305785,0.004132231,0,0.023140496,0.068595041,0,0,0,0,0,0,0.003305785,0.010743802,0,0,0,0,0,0,0,0.004958678,0.046280992,0.009917355,0,0,0.018181818,0,0,0,0,0,0,0,0
0.016937894,0.016474895,0.025619835,0,0.05311973,0.001686341,0.031618887,0.016020236,0.015598651,0.002951096,0,0,0.024030354,0.01391231,0.008010118,0,0.011804384,0.021500843,0,0.007166948,0,0,0,0,0.001264755,0.008010118,0.002951096,0.002107926,0.006323777,0.01222597,0,0,0,0.00084317,0.01222597,0.017284992,0,0,0.010118044,0.032040472,0,0.016441821,0.002107926,0,0,0.010961214,0.010539629,0.015177066,0,0,0.005480607,0.021079258,0.004215852,0,0,0,0,0.011382799,0.003372681,0.022765599,0,0,0.015598651,0,0,0.01222597,0,0,0,0.011804384,0.024030354,0.035834739,0.013490725,0.012647555,0.010961214,0,0.004215852,0.000421585,0,0.015598651,0,0.092748735,0.05227656,0.030354132,0.024451939,0.025716695,0.009696459,0,0,0,0,0,0.010118044,0.044266442,0,0.005902192,0,0,0,0.00084317,0,0,0,0,0,0.002951096,0,0,0,0,0.020657673,0,0,0,0.009696459,0.004637437,0,0.001264755,0,0,0,0,0.010118044
0.006642312,0.010460251,0.00661157,0.05311973,0,0.002742947,0.062304075,0.00822884,0,0.001567398,0,0,0.054467085,0.011755486,0,0,0,0.025470219,0,0.020376176,0.006661442,0,0.009012539,0,0,0.017633229,0.014890282,0,0.007053292,0.009796238,0.004702194,0.004702194,0.015673981,0,0,0.009796238,0,0.009404389,0,0.003526646,0.004702194,0.007053292,0,0,0,0.003918495,0.012539185,0.027821317,0.00862069,0.004702194,0.011755486,0.009404389,0.030172414,0,0.000783699,0.019592476,0.003918495,0.006661442,0.006269592,0,0.005877743,0.005485893,0.001567398,0.002351097,0.003526646,0.010188088,0.021159875,0.003134796,0,0.003918495,0.010579937,0.05838558,0.028213166,0,0,0,0,0,0.006661442,0.018025078,0.003134796,0.088557994,0.041144201,0,0,0.030172414,0.006269592,0.005094044,0,0,0,0.013714734,0,0.030956113,0,0.015673981,0,0,0,0,0.010188088,0,0,0.001175549,0,0.004310345,0,0.005094044,0.005877743,0.004310345,0.018025078,0,0,0,0.001959248,0,0.001567398,0,0,0,0,0,0
0.009631352,0.002353556,0.00661157,0.001686341,0.002742947,0,0.023291925,0.010869565,0,0,0,0,0.010093168,0,0.00310559,0,0.001552795,0.007763975,0,0.026397516,0,0,0,0,0,0,0.036490683,0,0,0.001552795,0,0.01552795,0.00931677,0.014751553,0,0.017857143,0,0,0,0.010093168,0.010869565,0.008540373,0,0,0,0.065217391,0,0.013975155,0.010869565,0,0.006987578,0,0.006987578,0.031055901,0,0,0.00621118,0.014751553,0,0.001552795,0.016304348,0.010869565,0,0,0,0.040372671,0.01242236,0,0,0.024068323,0.038043478,0.043478261,0.024068323,0,0.019409938,0.002329193,0,0,0,0.031832298,0,0.179347826,0.027173913,0.006987578,0.011645963,0,0,0,0,0,0,0,0,0.031055901,0,0,0,0,0,0,0.006987578,0,0.002329193,0,0.005434783,0.00931677,0.014751553,0,0,0,0.011645963,0,0,0.020186335,0,0,0,0,0,0,0,0,0
0.016605779,0.029027197,0.012396694,0.031618887,0.062304075,0.023291925,0,0.018223712,0.002513615,0,0.002513615,0.000418936,0.059907834,0.022413071,0.021365731,0.00209468,0.006284039,0.005027231,0.003560955,0.019689987,0.009007122,0.000418936,0.005236699,0.001675744,0,0.003142019,0.010473398,0.008378718,0.012777545,0.006284039,0,0.012568077,0.003351487,0.00209468,0.000837872,0.004189359,0,0.001675744,0.006493506,0.013405949,0.011101801,0.017176372,0.006284039,0.000837872,0.012777545,0.012987013,0.005655635,0.001466276,0.003351487,0.00209468,0.001675744,0.012358609,0.025345622,0.005655635,0.000418936,0.004817763,0.001885212,0.018223712,0.001675744,0.000628404,0.002932551,0,0,0.010473398,0,0.017176372,0.014243821,0,0.002932551,0.015081693,0.005446167,0.032048597,0.018852116,0.002932551,0.00209468,0.004817763,0.004817763,0.000628404,0.006912442,0.013405949,0.00921659,0.073523251,0.032048597,0.010682866,0.006702974,0.040846251,0.013196481,0.004817763,0.002723083,0,0.001256808,0.012987013,0.006284039,0.030791789,0.000837872,0.001675744,0.002723083,0,0.00104734,0.001885212,0.005655635,0.005027231,0.000628404,0,0.011101801,0,0.005027231,0.007331378,0,0,0.019689987,0.006912442,0.00209468,0,0.007750314,0.003979891,0.002932551,0,0.004608295,0,0,0.004608295,0
0.048156759,0.006537657,0.004132231,0.016020236,0.00822884,0.010869565,0.018223712,0,0.008849558,0.009692373,0.022334598,0.009270965,0.036241045,0.005899705,0.002107038,0,0.002528445,0.0337126,0,0.027391488,0,0.007585335,0,0.00337126,0,0.005899705,0,0.005899705,0.001264223,0,0,0,0,0,0,0.004635483,0.000421408,0.014327855,0,0.00168563,0.022756005,0.016434893,0.009692373,0,0,0.008006743,0,0.007163928,0.013906448,0,0,0.021491783,0.064475348,0.00337126,0,0,0,0,0.001264223,0,0.00337126,0,0,0,0,0.010535188,0.021491783,0,0,0.009692373,0.012642225,0.045933418,0.02359882,0.001264223,0.007585335,0,0,0,0.000842815,0.014749263,0,0.10619469,0.064896755,0.011378003,0.000842815,0.014327855,0,0.000421408,0.007585335,0,0,0.00842815,0.002107038,0.036662453,0,0.022334598,0.00337126,0,0,0,0.00842815,0.00337126,0,0,0,0.005478298,0,0,0,0,0.0168563,0,0.002107038,0,0,0.008849558,0.005478298,0,0.000842815,0.00337126,0,0,0.002107038
0.013948854,0.003661088,0,0.015598651,0,0,0.002513615,0.008849558,0,0.003021148,0.006042296,0.001510574,0.012084592,0.01510574,0.009818731,0,0,0.006042296,0.003776435,0.032477341,0.003021148,0.018126888,0,0,0,0.009063444,0,0,0,0.003776435,0.003021148,0.003021148,0,0,0.011329305,0,0.002265861,0.000755287,0.024169184,0.026435045,0,0.047583082,0,0,0,0.018882175,0,0.026435045,0,0,0.009818731,0.012084592,0.049093656,0.011329305,0,0.005287009,0.006042296,0.005287009,0.006042296,0,0.000755287,0.005287009,0,0,0,0.004531722,0.026435045,0.010574018,0,0,0.012839879,0.044561934,0.016616314,0,0,0,0,0.003021148,0,0.038519637,0,0.126888218,0.045317221,0,0.003776435,0.033987915,0,0.009818731,0,0.008308157,0,0,0.006797583,0.057401813,0,0.005287009,0,0,0,0,0.002265861,0.003021148,0,0,0,0,0,0,0,0.004531722,0.025679758,0,0.004531722,0,0.00755287,0.000755287,0,0,0,0,0,0.003021148,0
0.000332116,0,0.00661157,0.002951096,0.001567398,0,0,0.009692373,0.003021148,0,0.010817308,0,0,0,0,0,0,0,0,0,0.008413462,0.014423077,0,0,0,0,0,0,0,0,0,0.016826923,0,0,0,0.001201923,0,0,0,0.085336538,0.014423077,0.086538462,0,0,0,0.030048077,0,0,0,0,0,0.022836538,0.173076923,0,0,0,0.004807692,0.006009615,0.009615385,0.010817308,0.036057692,0,0,0,0,0.008413462,0.008413462,0,0,0,0.006009615,0.033653846,0.016826923,0,0.009615385,0,0,0,0,0.012019231,0,0.078125,0.058894231,0.013221154,0.020432692,0.025240385,0.019230769,0.008413462,0,0.008413462,0,0,0,0.061298077,0,0,0,0,0,0,0,0.008413462,0,0,0,0,0,0,0,0,0.015625,0,0,0,0,0,0,0,0,0,0,0,0
0.020591166,0.009675732,0,0,0,0,0.002513615,0.022334598,0.006042296,0.010817308,0,0,0.044728435,0.010383387,0,0,0.014376997,0,0,0.004792332,0,0.019968051,0.011980831,0.00798722,0.007188498,0,0.051118211,0,0,0.004792332,0,0,0,0,0.002396166,0.005591054,0,0,0,0.022364217,0.019169329,0.004792332,0.00798722,0,0.006389776,0.004792332,0,0,0.004792332,0,0.007188498,0.03514377,0.131789137,0.011980831,0,0,0,0,0,0,0,0,0,0.020766773,0,0.00798722,0.00399361,0,0,0,0.005591054,0.046325879,0.007188498,0,0.003194888,0.009584665,0.008785942,0,0,0.003194888,0.008785942,0.073482428,0.012779553,0.017571885,0,0.035942492,0.019968051,0,0.011182109,0,0,0.012779553,0,0.017571885,0,0.001597444,0,0,0,0.011980831,0,0.018370607,0,0.007188498,0,0,0,0.004792332,0,0.002396166,0.022364217,0,0.015974441,0,0,0,0,0,0,0,0,0,0.002396166
0.003653271,0,0,0,0,0,0.000418936,0.009270965,0.001510574,0,0,0,0.096270598,0.005203816,0.006071119,0,0,0.005203816,0,0.00954033,0.004336513,0,0,0,0.007805724,0,0,0,0,0,0,0.000867303,0,0,0,0.011274935,0,0,0.016478751,0.019080659,0,0.00954033,0.006071119,0,0.013876843,0.016478751,0,0,0.002601908,0.018213356,0.012142238,0.028620989,0.032957502,0.01300954,0,0.02254987,0,0.018213356,0.005203816,0,0.028620989,0,0.01300954,0,0,0,0.026886383,0.006938422,0.006071119,0,0.020815265,0.038161318,0.016478751,0,0,0,0,0,0.010407632,0,0,0.17085863,0.020815265,0.020815265,0.03555941,0.021682567,0.019080659,0.006071119,0,0,0.006938422,0.016478751,0,0.076322637,0.018213356,0.004336513,0,0,0,0,0.001734605,0,0,0,0,0,0,0,0,0,0,0,0,0,0,0,0,0,0,0,0,0,0
0.019262703,0.045502092,0.011570248,0.024030354,0.054467085,0.010093168,0.059907834,0.036241045,0.012084592,0,0.044728435,0.096270598,0,0.017316879,0.012539809,0.001194268,0.006767516,0.021098726,0.011146497,0.021098726,0.011345541,0.001194268,0.011743631,0.003980892,0.000199045,0.012738854,0.001194268,0.00477707,0.00955414,0.014729299,0.004179936,0.023089172,0.007165605,0.000995223,0.005573248,0.005175159,0.002985669,0.00736465,0.009753185,0.006767516,0.006966561,0.029259554,0.008359873,0.006767516,0.001990446,0.016321656,0.004578025,0.012340764,0.003781847,0,0.00258758,0.030453822,0.024482484,0.00218949,0.00477707,0.00258758,0.009156051,0.00736465,0.004976115,0.003781847,0.003582803,0.004179936,0.002985669,0.003184713,0,0.005374204,0.016122611,0.012539809,0.003184713,0.008558917,0.00736465,0.031050955,0.008757962,0.005772293,0.003980892,0.004976115,0.003383758,0,0.000796178,0.008160828,0,0.051353503,0.02906051,0.006369427,0,0.012340764,0.001791401,0,0,0.004578025,0.008359873,0.002786624,0.006369427,0.034832803,0.000796178,0.003781847,0,0.001592357,0,0.004179936,0,0.005573248,0,0,0.001592357,0.00218949,0.005374204,0.006767516,0.003582803,0.005374204,0.013136943,0.003383758,0.010549363,0,0.003582803,0.000199045,0.004578025,0,0,0.005374204,0.006170382,0,0.000995223
0.003653271,0.004445607,0.021487603,0.01391231,0.011755486,0,0.022413071,0.005899705,0.01510574,0,0.010383387,0.005203816,0.017316879,0,0,0,0.000803859,0.006832797,0.00522508,0.027733119,0.006430868,0.002009646,0,0.009646302,0,0.000803859,0.006430868,0.004421222,0.018086817,0.001205788,0.010048232,0,0.00522508,0,0.002813505,0.020498392,0,0,0.003215434,0.003215434,0.003215434,0.032958199,0,0,0,0.007636656,0.0164791,0.01085209,0.022106109,0.00562701,0.011254019,0.023311897,0.012861736,0.01085209,0,0.00522508,0.008842444,0.010450161,0.004823151,0.004421222,0.006832797,0.001607717,0,0,0.004421222,0.007636656,0.004823151,0,0,0.00522508,0.014067524,0.033360129,0.033762058,0,0.003215434,0.004019293,0.006430868,0.002009646,0,0.022106109,0.008038585,0.091237942,0.022909968,0.003617363,0.035369775,0.015675241,0,0.006028939,0,0.004421222,0,0,0.003617363,0.056672026,0.006832797,0,0.012861736,0.002813505,0,0.012861736,0.023713826,0.008842444,0,0,0,0,0.008842444,0.000803859,0,0.003215434,0.020096463,0.001205788,0.001205788,0.00562701,0.00562701,0,0,0.001205788,0,0,0.009646302,0.00562701,0
0.003321156,0,0,0.008010118,0,0.00310559,0.021365731,0.002107038,0.009818731,0,0,0.006071119,0.012539809,0,0,0.001840773,0.005062126,0.041877589,0,0.018407731,0,0,0.00138058,0,0,0,0,0.005522319,0.00138058,0,0,0.009664059,0,0,0.000920387,0,0,0,0,0.005062126,0.003681546,0.005982513,0,0,0,0.064427059,0.010584445,0.024850437,0.008283479,0.00414174,0.007363092,0.008283479,0.022089277,0,0.000920387,0,0.023469857,0.00276116,0.006442706,0.008743672,0.005522319,0,0.003681546,0,0,0.034054303,0.035895076,0.00138058,0,0,0.03359411,0.051081454,0.02669121,0.001840773,0,0,0,0.003681546,0,0.027611597,0.011504832,0.082374597,0.052001841,0.005062126,0.016106765,0.017487345,0.019328118,0.008283479,0,0.00276116,0.006902899,0.007823286,0,0.046019328,0,0,0,0,0,0,0,0,0,0,0,0,0,0.000920387,0,0.02669121,0.041877589,0,0,0.002300966,0,0.005062126,0,0,0,0.006902899,0.012425219,0,0.007363092
0.000664231,0,0,0,0,0,0.00209468,0,0,0,0,0,0.001194268,0,0.001840773,0,0.001972387,0.00591716,0,0.017751479,0,0,0,0.000986193,0,0,0.000986193,0,0.010848126,0.020710059,0.00591716,0.033530572,0.027613412,0,0.003944773,0.00295858,0,0,0,0,0,0,0,0,0,0.07199211,0.00887574,0.024654832,0.00295858,0.010848126,0.006903353,0,0.020710059,0.004930966,0,0.004930966,0,0.004930966,0.018737673,0.018737673,0,0.009861933,0.001972387,0,0.009861933,0.00591716,0.028599606,0,0.003944773,0,0.012820513,0.047337278,0.069033531,0,0,0,0,0,0,0.027613412,0.022682446,0.166666667,0.018737673,0.028599606,0.027613412,0.017751479,0.009861933,0.001972387,0,0,0,0,0.007889546,0.07495069,0,0,0,0,0,0,0.015779093,0.012820513,0,0,0.004930966,0.000986193,0.004930966,0,0,0,0.012820513,0,0,0,0,0,0,0,0,0,0,0,0
0.006642312,0.0041841,0,0.011804384,0,0.001552795,0.006284039,0.002528445,0,0,0.014376997,0,0.006767516,0.000803859,0.005062126,0.001972387,0,0.025501899,0.003255562,0.006511123,0.00596853,0.00596853,0,0,0,0.000542594,0.002712968,0.006511123,0.00759631,0.027672273,0.017362995,0.014650027,0.017362995,0.002170374,0.000542594,0.001085187,0,0.006511123,0,0.016277808,0,0,0,0,0,0.05425936,0.037438958,0.002170374,0.008138904,0.012479653,0.00596853,0.009766685,0.047205643,0.00596853,0.007053717,0,0.014650027,0.014650027,0.009224091,0.009766685,0.004340749,0,0,0,0.004883342,0.002712968,0.008681498,0,0.003255562,0,0.033098209,0.017905589,0.039609333,0.002170374,0.003798155,0,0,0,0,0.006511123,0.002712968,0.138361367,0.022788931,0.01953337,0.028214867,0.009766685,0.009766685,0,0,0,0,0.007053717,0.010851872,0.053716766,0,0.002170374,0,0.004340749,0,0.001627781,0,0.002170374,0,0,0,0,0.001627781,0.004883342,0,0.002712968,0.015735214,0,0,0,0.011394466,0,0.011937059,0,0.013022246,0,0,0,0
0.02025905,0.013859833,0.029752066,0.021500843,0.025470219,0.007763975,0.005027231,0.0337126,0.006042296,0,0,0.005203816,0.021098726,0.006832797,0.041877589,0.00591716,0.025501899,0,0.009725261,0.013372234,0.005348894,0.006807683,0.002431315,0.00316071,0.000729395,0.002917578,0.007293946,0.011913445,0.013129103,0.005835157,0.005835157,0.016046681,0.010454656,0.001458789,0.005105762,0.007537078,0.000486263,0.006807683,0.002188184,0.00316071,0.001945052,0.015560418,0.001945052,0,0,0.025528811,0.006078288,0.023340627,0.012399708,0.004862631,0.004862631,0.007537078,0.02528568,0.013372234,0.003403841,0.010940919,0.00632142,0.006564551,0.002431315,0.003403841,0.015074155,0,0.002431315,0,0,0.01750547,0.014587892,0.006564551,0,0.005105762,0.026501337,0.033065889,0.029418916,0.013372234,0.008023341,0,0,0,0.000243132,0.011427182,0.007293946,0.105275954,0.028689521,0.008509604,0.012399708,0.023097496,0,0.004862631,0,0.006078288,0,0.003403841,0.019936786,0.032822757,0,0.010940919,0.002674447,0,0,0,0.015560418,0.005105762,0,0,0,0,0,0.011427182,0,0.003890105,0.010940919,0.007050814,0,0,0.002188184,0,0.006078288,0,0,0.005592025,0.002188184,0.001458789,0.000972526
0.007638658,0,0,0,0,0,0.003560955,0,0.003776435,0,0,0,0.011146497,0.00522508,0,0,0.003255562,0.009725261,0,0.021952359,0,0,0.002802429,0.001401214,0.001401214,0.001868286,0.014946287,0,0.013545072,0,0,0.011209715,0.001868286,0.001868286,0.007940215,0.002802429,0.006071929,0.004670715,0.006071929,0.009341429,0.006539,0.026623073,0,0,0,0.01914993,0.002335357,0.014012144,0.008874358,0.000934143,0.003736572,0.018682858,0.034096217,0.0032695,0.002802429,0.002335357,0.0032695,0.0032695,0,0.001401214,0,0,0.004670715,0,0.006071929,0.016814573,0.024754787,0,0,0.007473143,0.03503036,0.034563288,0.04483886,0.004203643,0.011209715,0.0032695,0.008874358,0.013078001,0,0.020551144,0.013545072,0.131247081,0.053246147,0.013545072,0.032227931,0.050443718,0.0032695,0,0,0,0,0,0.009341429,0.04156936,0,0,0,0,0,0,0.006539,0,0,0,0,0,0.016347501,0.006071929,0,0.006071929,0.02241943,0,0.014012144,0.002335357,0.002335357,0,0,0,0.002335357,0,0.001868286,0,0
0.03454002,0.010721757,0.009090909,0.007166948,0.020376176,0.026397516,0.019689987,0.027391488,0.032477341,0,0.004792332,0.00954033,0.021098726,0.027733119,0.018407731,0.017751479,0.006511123,0.013372234,0.021952359,0,0.0146875,0.0121875,0.014375,0.0021875,0.0090625,0.0259375,0.0084375,0.003125,0.01,0.01125,0.019375,0.015,0.008125,0,0.021875,0.0025,0.0071875,0.0071875,0.004375,0.0140625,0.0209375,0.0315625,0,0.00375,0,0.014375,0.0046875,0.0028125,0.0071875,0.0003125,0.009375,0.0265625,0.023125,0.0021875,0,0,0.0059375,0.0040625,0.0078125,0.01,0.0025,0.008125,0.0034375,0.0040625,0.0046875,0.0059375,0.0096875,0.0053125,0,0,0.0090625,0.0140625,0.0175,0.005625,0.0025,0,0,0.0046875,0.0025,0.0134375,0.00625,0.0575,0.0215625,0.0046875,0.008125,0.010625,0,0.0065625,0,0.0015625,0,0.00125,0.003125,0.019375,0,0.0065625,0,0.011875,0,0.000625,0.0053125,0,0.00875,0,0,0.0115625,0,0.01,0.0046875,0,0.0078125,0.0046875,0.0009375,0,0,0.005,0.005625,0,0.0028125,0.0040625,0.005625,0.006875,0
0.001328462,0,0.007438017,0,0.006661442,0,0.009007122,0,0.003021148,0.008413462,0,0.004336513,0.011345541,0.006430868,0,0,0.00596853,0.005348894,0,0.0146875,0,0,0.015125073,0,0.022105876,0.016870273,0,0,0.002908668,0,0.002908668,0,0,0,0.013379872,0.01628854,0,0.001745201,0.012798138,0.019778941,0,0.019197208,0.001163467,0,0,0,0,0.011052938,0.006399069,0,0.012216405,0.023269343,0.025596277,0.028504945,0.002326934,0,0.006399069,0.002326934,0.020360675,0.01628854,0.004072135,0.006980803,0,0,0,0.020942408,0.00814427,0.001163467,0,0.002326934,0.008726003,0.010471204,0.063990692,0.010471204,0.010471204,0,0.002908668,0.003490401,0.006399069,0.012798138,0,0.106457243,0.084933101,0.012798138,0.004072135,0.044793485,0,0.008726003,0,0,0.003490401,0,0.01628854,0.031995346,0.001163467,0.001745201,0,0,0,0.002908668,0,0,0,0,0,0,0,0,0.003490401,0.004653869,0.04072135,0,0,0,0.001745201,0,0,0.000581734,0,0.002908668,0.013379872,0,0
0.003985387,0.001830544,0,0,0,0,0.000418936,0.007585335,0.018126888,0.014423077,0.019968051,0,0.001194268,0.002009646,0,0,0.00596853,0.006807683,0,0.0121875,0,0,0.02145046,0.016853933,0.00102145,0.008682329,0.012257406,0,0,0.003064351,0,0,0,0,0.005107252,0,0,0.003064351,0.013278856,0.020939734,0.044433095,0.011235955,0.011235955,0.005617978,0,0.011235955,0,0,0,0.002553626,0.007150153,0.000510725,0.084780388,0.002042901,0,0,0,0.006639428,0.003064351,0,0,0.005107252,0.001532176,0,0.001532176,0.012257406,0.015321757,0.005617978,0,0.001532176,0.028600613,0.053115424,0.06639428,0.016853933,0,0.002553626,0,0.001532176,0,0.024004086,0.004085802,0.127681307,0.047497446,0.002042901,0.006639428,0.035750766,0,0,0,0,0,0.008171604,0.003064351,0.062308478,0.009193054,0,0,0,0,0,0,0.004085802,0.003575077,0,0.002553626,0,0.003575077,0,0,0.015321757,0.01174668,0,0.005107252,0,0,0,0,0,0,0.014811032,0,0.004085802,0
0.016273663,0,0,0,0.009012539,0,0.005236699,0,0,0,0.011980831,0,0.011743631,0,0.00138058,0,0,0.002431315,0.002802429,0.014375,0.015125073,0.02145046,0,0.008710801,0.009146341,0.006533101,0,0.0021777,0,0,0,0,0,0,0,0.005226481,0,0.005226481,0.030487805,0.016550523,0.018728223,0.036585366,0.010017422,0,0,0.016986063,0,0.005662021,0,0,0.003484321,0.029181185,0.12543554,0.00261324,0.008710801,0,0,0,0,0.004355401,0.003484321,0.013501742,0,0,0.005226481,0.005226481,0.026567944,0,0,0,0.024390244,0.045296167,0.045296167,0,0.005226481,0.006097561,0,0.004355401,0,0.012630662,0.011759582,0.12804878,0.051829268,0.011759582,0.017857143,0.027439024,0.014372822,0.0021777,0,0.006097561,0,0.003919861,0.010888502,0.013937282,0,0.0021777,0,0,0,0.004790941,0.006533101,0,0,0,0,0,0,0,0,0.00174216,0.004355401,0,0,0,0.004790941,0,0,0,0,0,0,0,0
0,0,0,0,0,0,0.001675744,0.00337126,0,0,0.00798722,0,0.003980892,0.009646302,0,0.000986193,0,0.00316071,0.001401214,0.0021875,0,0.016853933,0.008710801,0,0.001258653,0.001258653,0.008181246,0,0,0,0,0.002517306,0.00188798,0,0,0.016362492,0,0.008810573,0.005034613,0.033983638,0.023914412,0.063561989,0.006922593,0,0,0.012586532,0,0,0.011957206,0.00377596,0.011327879,0.011327879,0.13971051,0.001258653,0,0,0,0,0.023914412,0,0.004405286,0,0.00188798,0,0,0.007551919,0.000629327,0,0,0,0.004405286,0.03901825,0.006922593,0.006293266,0.00377596,0.001258653,0,0,0.012586532,0.022026432,0.007551919,0.128382631,0.036500944,0,0.032095658,0.042164884,0.006293266,0.010069226,0,0,0.008810573,0,0.020138452,0.054122089,0,0.004405286,0,0,0,0,0.004405286,0.010069226,0.008810573,0,0,0,0,0,0.00566394,0,0.00377596,0.010698553,0.00188798,0,0,0.006922593,0,0.00188798,0.002517306,0,0,0,0
0.014613085,0.000261506,0,0.001264755,0,0,0,0,0,0,0.007188498,0.007805724,0.000199045,0,0,0,0,0.000729395,0.001401214,0.0090625,0.022105876,0.00102145,0.009146341,0.001258653,0,0.006364922,0.004243281,0,0,0,0,0,0,0,0.002121641,0.008486563,0.004950495,0,0.014851485,0.022630835,0.014144272,0.03960396,0.009193777,0,0.00990099,0.003536068,0.006364922,0.012022631,0.004950495,0,0.007779349,0.045261669,0.102545969,0.00990099,0.001414427,0,0,0,0.002121641,0,0.003536068,0.004243281,0.010608204,0,0.005657709,0.028288543,0.021923621,0.003536068,0,0.013437058,0.005657709,0.011315417,0.026874116,0.002828854,0.002828854,0.012022631,0,0.012022631,0,0.003536068,0.015558699,0.089816124,0.072842999,0.004243281,0.007072136,0.026874116,0,0.013437058,0,0.004950495,0.001414427,0,0.009193777,0.055162659,0.005657709,0,0,0,0,0.006364922,0.001414427,0.018387553,0.012729844,0,0,0,0.008486563,0,0,0,0.021923621,0.001414427,0,0,0,0,0,0,0,0.003536068,0.002121641,0,0
0.006310196,0.02458159,0,0.008010118,0.017633229,0,0.003142019,0.005899705,0.009063444,0,0,0,0.012738854,0.000803859,0,0,0.000542594,0.002917578,0.001868286,0.0259375,0.016870273,0.008682329,0.006533101,0.001258653,0.006364922,0,0.01066772,0.017779534,0,0.005531411,0,0.009482418,0.006716713,0,0.002370605,0.004346108,0.004346108,0,0.007111814,0.01066772,0.021335441,0.02647175,0.006716713,0.002765705,0,0.02094034,0.013038325,0.025286448,0,0.00513631,0,0.028052153,0.071513236,0.012248123,0,0,0.000395101,0.001185302,0,0,0.006321612,0,0.01027262,0,0.003160806,0.012643224,0.013038325,0,0,0.006716713,0.014618728,0.022125642,0.030422758,0.000395101,0.005926511,0,0.007506914,0,0.003951008,0.013828526,0,0.150138285,0.035559068,0.019359937,0.006321612,0.009087317,0.00513631,0.007506914,0,0.000790202,0.003555907,0,0.000790202,0.044251284,0.01066772,0.002765705,0,0,0,0.002370605,0,0.005926511,0,0,0.000790202,0,0.004741209,0.003555907,0,0,0.028447254,0,0,0,0,0.002370605,0.006321612,0,0,0.004346108,0,0,0
0.001992693,0.008368201,0.001652893,0.002951096,0.014890282,0.036490683,0.010473398,0,0,0,0.051118211,0,0.001194268,0.006430868,0,0.000986193,0.002712968,0.007293946,0.014946287,0.0084375,0,0.012257406,0,0.008181246,0.004243281,0.01066772,0,0.007083825,0,0.003148367,0.007870917,0.003148367,0,0.003541913,0.003935458,0.010232192,0.003541913,0,0.01141283,0,0.008658009,0.022432113,0.001967729,0.008658009,0,0.018103109,0,0.025186934,0.00472255,0.007083825,0.0094451,0.021251476,0.054702873,0,0,0.000393546,0,0.008264463,0,0.00472255,0.006296734,0.006690279,0,0.012199921,0.000787092,0.005509642,0.018103109,0.002754821,0,0,0.027548209,0.027548209,0.03030303,0.011806375,0,0.007477371,0,0.007083825,0.003541913,0.031090122,0.014167651,0.13459268,0.056277056,0.008658009,0.014954742,0.020464384,0.001180638,0,0,0,0,0,0.018496655,0.042109406,0,0,0,0.003935458,0.007083825,0.00472255,0.000393546,0,0,0.003541913,0,0.005116096,0,0.010232192,0,0.005116096,0.020070838,0,0,0,0.005509642,0,0.002754821,0,0,0.001967729,0,0,0
0,0.001307531,0,0.002107926,0,0,0.008378718,0.005899705,0,0,0,0,0.00477707,0.004421222,0.005522319,0,0.006511123,0.011913445,0,0.003125,0,0,0.0021777,0,0,0.017779534,0.007083825,0,0.011712439,0,0.001615509,0.002423263,0.004442649,0.004442649,0.009693053,0.019789984,0.003231018,0,0,0.004846527,0.002827141,0.011308562,0,0,0,0.018578352,0.006462036,0.018982229,0.016962843,0.001211632,0.004846527,0.012116317,0.065831987,0.024636511,0.006058158,0,0.008077544,0.023424879,0,0.006058158,0.002019386,0,0,0.004846527,0,0.027867528,0.02180937,0.022617124,0,0.008481422,0.008481422,0.041599354,0.019789984,0.003634895,0.003231018,0,0.001615509,0,0,0.010500808,0.005654281,0.17003231,0.08279483,0,0.008077544,0.030290792,0,0.011308562,0,0,0.002827141,0.005654281,0.005654281,0.024636511,0.002423263,0,0.000807754,0,0,0.003231018,0.005654281,0.006865913,0.003231018,0,0,0,0.006058158,0,0.008077544,0.001615509,0.014943457,0.002423263,0,0.006462036,0.012924071,0.005250404,0,0,0,0.005654281,0,0,0.000403877
0,0,0.000826446,0.006323777,0.007053292,0,0.012777545,0.001264223,0,0,0,0,0.00955414,0.018086817,0.00138058,0.010848126,0.00759631,0.013129103,0.013545072,0.01,0.002908668,0,0,0,0,0,0,0.011712439,0,0.009404389,0.014778325,0.015226153,0.003582624,0.015226153,0.010747873,0.005821764,0.019704433,0,0,0.008060905,0,0.02283923,0,0,0,0.032691446,0,0.023287058,0.015226153,0,0,0.014778325,0.048813256,0,0,0,0.010747873,0.010300045,0.010300045,0.005373936,0.005373936,0.008060905,0,0,0.005373936,0.012987013,0.036274071,0.006717421,0.00223914,0.007165249,0.011195701,0.042991491,0.046574116,0,0.007613077,0.006269592,0,0.00447828,0,0.005821764,0.005821764,0.133004926,0.019256605,0.008060905,0.000895656,0.041200179,0.002686968,0.002686968,0,0.001343484,0.000895656,0,0.008956561,0.040752351,0.00223914,0.001343484,0.006717421,0,0,0,0.009404389,0.010300045,0,0,0.001343484,0,0,0,0,0,0.021047918,0,0.001791312,0.001343484,0,0,0,0,0,0,0.008060905,0,0
0.002324809,0,0,0.01222597,0.009796238,0.001552795,0.006284039,0,0.003776435,0,0.004792332,0,0.014729299,0.001205788,0,0.020710059,0.027672273,0.005835157,0,0.01125,0,0.003064351,0,0,0,0.005531411,0.003148367,0,0.009404389,0,0.007067138,0.014919513,0.010600707,0.0062819,0.005104044,0.00314095,0,0.001963094,0.000785238,0.00942285,0.011385944,0.012956419,0,0,0,0.042402827,0.00314095,0.036906164,0.005496663,0.004711425,0,0.004318806,0.032587358,0.010208088,0.005496663,0.002748331,0.010600707,0.003926188,0.008637613,0.00942285,0.010993325,0.001570475,0,0,0,0.017275226,0.011778563,0.000785238,0,0.003533569,0.024342364,0.061641146,0.031409501,0,0.010993325,0.008244994,0,0.010993325,0,0.014526894,0.010600707,0.119748724,0.056929721,0.015312132,0.013349038,0.051433059,0.007852375,0.001177856,0,0,0,0,0.00314095,0.044365921,0,0.005496663,0,0,0,0,0.00942285,0,0,0,0,0,0,0,0.002748331,0.005496663,0.012563801,0.004318806,0,0,0.004318806,0.005104044,0,0,0.005496663,0,0.006674519,0,0
0.000332116,0,0.000826446,0,0.004702194,0,0,0,0.003021148,0,0,0,0.004179936,0.010048232,0,0.00591716,0.017362995,0.005835157,0,0.019375,0.002908668,0,0,0,0,0,0.007870917,0.001615509,0.014778325,0.007067138,0,0.012123439,0.015797208,0,0.022409993,0.015429831,0,0,0,0.011756062,0.004041146,0.020940485,0.014695077,0,0.007714916,0.057310801,0,0.027920647,0.002571639,0.007714916,0.004408523,0.007714916,0.03710507,0.008449669,0.001469508,0.010653931,0.008082292,0.006980162,0.016531962,0.0047759,0.005510654,0,0.005878031,0,0,0.010653931,0.038207201,0,0.008082292,0.005510654,0.012858193,0.0286554,0.040044085,0.008449669,0.002571639,0.002204262,0.006245408,0,0,0.004408523,0.013592946,0.151726672,0.058780309,0.008082292,0,0.033798677,0.004408523,0.002204262,0,0.011388685,0,0.001836885,0.008082292,0.063923586,0,0,0.003306392,0,0,0,0,0,0,0,0,0.001836885,0,0.002939015,0,0,0.01800147,0,0,0,0.007347539,0.001469508,0,0,0,0,0.002939015,0,0
0.008967121,0.009414226,0.011570248,0,0.004702194,0.01552795,0.012568077,0,0.003021148,0.016826923,0,0.000867303,0.023089172,0,0.009664059,0.033530572,0.014650027,0.016046681,0.011209715,0.015,0,0,0,0.002517306,0,0.009482418,0.003148367,0.002423263,0.015226153,0.014919513,0.012123439,0,0.022048691,0.005052825,0.005741847,0.011713367,0.002067065,0,0,0.004823151,0.006201194,0.018144235,0.001607717,0.003445108,0.00413413,0.071887919,0.022508039,0.014469453,0.01607717,0.009875976,0.002756086,0.008727607,0.0202113,0.016536518,0.002296739,0.005282499,0.024115756,0.006201194,0.023656408,0.023886082,0.003445108,0.006430868,0.001148369,0,0.003215434,0.007579237,0.018603583,0.003215434,0,0,0.012402389,0.011254019,0.016766192,0.003215434,0.003215434,0.006660542,0,0,0.002296739,0.025493799,0.008727607,0.125172255,0.026871842,0.014010106,0.004363803,0.024345429,0.009875976,0.004823151,0.003215434,0,0.003445108,0,0.010335324,0.048690859,0.001837391,0,0.003904456,0.008957281,0,0.002526412,0.006430868,0.004363803,0,0.000459348,0.000689022,0.005741847,0,0.001148369,0.001607717,0.006430868,0.020900322,0.001378043,0.001148369,0.001148369,0.002526412,0.011943041,0,0,0,0,0.000459348,0,0
0.001328462,0,0.014876033,0,0.015673981,0.00931677,0.003351487,0,0,0,0,0,0.007165605,0.00522508,0,0.027613412,0.017362995,0.010454656,0.001868286,0.008125,0,0,0,0.00188798,0,0.006716713,0,0.004442649,0.003582624,0.010600707,0.015797208,0.022048691,0,0.008347245,0.001669449,0.009682805,0,0.010350584,0.002003339,0.009015025,0,0.019699499,0,0.004340568,0,0.101502504,0.01903172,0.020701169,0.003672788,0.005342237,0.008681135,0.004674457,0.03672788,0.01736227,0,0.001669449,0.013355593,0.005342237,0.012353923,0.01869783,0,0,0,0,0.008013356,0.003338898,0.030050083,0,0.001669449,0.00066778,0.026377295,0.015692821,0.027378965,0.003338898,0.012353923,0,0.005342237,0,0,0.013689482,0.021368948,0.10951586,0.045409015,0.011686144,0.009015025,0.032387312,0.013355593,0,0,0,0.005008347,0,0.004340568,0.065108514,0.003005008,0.003005008,0,0,0,0,0,0.003338898,0,0,0,0.003005008,0,0,0,0.005342237,0.023372287,0,0,0,0.00033389,0,0,0,0,0,0,0,0
0.004649618,0,0,0.00084317,0,0.014751553,0.00209468,0,0,0,0,0,0.000995223,0,0,0,0.002170374,0.001458789,0.001868286,0,0,0,0,0,0,0,0.003541913,0.004442649,0.015226153,0.0062819,0,0.005052825,0.008347245,0,0.03014753,0,0,0,0,0.01603592,0,0.010904426,0,0.002565747,0.006414368,0.048107761,0.005131495,0.025657473,0.000641437,0.004490058,0.006414368,0.0121873,0.035920462,0.015394484,0,0,0.008338679,0.010904426,0.003207184,0.015394484,0.002565747,0,0.010262989,0,0.008980115,0.003848621,0.008980115,0.003848621,0,0.008980115,0.035279025,0.053239256,0.042976267,0.018601668,0.014753047,0,0.007055805,0.002565747,0,0.04041052,0.00192431,0.207825529,0.031430404,0.006414368,0,0.008980115,0,0.004490058,0,0,0,0,0.003848621,0.052597819,0.005772931,0,0,0,0,0,0.003848621,0,0,0.00192431,0,0,0,0.000641437,0,0.003207184,0.030788967,0,0,0,0,0,0,0,0,0,0,0,0
0.000664231,0,0.007438017,0.01222597,0,0,0.000837872,0,0.011329305,0,0.002396166,0,0.005573248,0.002813505,0.000920387,0.003944773,0.000542594,0.005105762,0.007940215,0.021875,0.013379872,0.005107252,0,0,0.002121641,0.002370605,0.003935458,0.009693053,0.010747873,0.005104044,0.022409993,0.005741847,0.001669449,0.03014753,0,0.000862069,0.00862069,0,0.00862069,0.027155172,0.009482759,0.030603448,0.008189655,0.015517241,0.005603448,0.025431034,0.010344828,0.042672414,0.013793103,0,0.004741379,0.017672414,0.030603448,0.004741379,0.000862069,0.004741379,0.004310345,0.008189655,0.019396552,0.020258621,0.012068966,0.00387931,0,0,0,0.004310345,0.02112069,0.003448276,0,0.001724138,0.043534483,0.008189655,0.017672414,0,0.003017241,0.00387931,0.003017241,0.006465517,0.007327586,0.027586207,0.008189655,0.142672414,0.017672414,0.007758621,0.006465517,0.025862069,0.006896552,0.003448276,0.001293103,0,0,0.004741379,0.003017241,0.042672414,0,0,0,0,0,0.005603448,0.002155172,0.00862069,0.00862069,0,0,0,0,0.004310345,0.000862069,0.006034483,0,0,0,0,0,0,0,0,0,0,0,0,0.00387931
0.001992693,0.001046025,0.018181818,0.017284992,0.009796238,0.017857143,0.004189359,0.004635483,0,0.001201923,0.005591054,0.011274935,0.005175159,0.020498392,0,0.00295858,0.001085187,0.007537078,0.002802429,0.0025,0.01628854,0,0.005226481,0.016362492,0.008486563,0.004346108,0.010232192,0.019789984,0.005821764,0.00314095,0.015429831,0.011713367,0.009682805,0,0.000862069,0,0,0.004477135,0.011512632,0.009274065,0.008954269,0.017588743,0.005436521,0.012472018,0.002878158,0.011192837,0.003517749,0.007994883,0.023025264,0.005116725,0.023345059,0.027182603,0.047329709,0.00959386,0.008314679,0.003837544,0,0.002558363,0.003197953,0.006715702,0.005116725,0.009913655,0,0,0.001918772,0.012472018,0.018228334,0.003837544,0.006715702,0.000959386,0.005436521,0.015989767,0.023345059,0.004157339,0,0.008954269,0.010233451,0.003837544,0.00959386,0.012791813,0.007355293,0.101055325,0.074512312,0.012791813,0,0.045410937,0,0.007355293,0,0.001279181,0.00479693,0,0.009913655,0.049568276,0.001918772,0,0,0.001598977,0,0.001918772,0.025263831,0.001279181,0.004477135,0.005116725,0,0,0.000319795,0.004157339,0,0,0.018867925,0,0,0,0.007994883,0,0,0,0,0,0,0.009274065,0
0.001992693,0.004707113,0,0,0,0,0,0.000421408,0.002265861,0,0,0,0.002985669,0,0,0,0,0.000486263,0.006071929,0.0071875,0,0,0,0,0.004950495,0.004346108,0.003541913,0.003231018,0.019704433,0,0,0.002067065,0,0,0.00862069,0,0,0,0.010536398,0.00862069,0.029693487,0.077586207,0.00862069,0,0,0,0,0,0.003831418,0.003831418,0,0.042145594,0.100574713,0,0,0,0,0.01532567,0.011494253,0,0,0.005747126,0,0.022030651,0,0.016283525,0.027777778,0,0,0,0.018199234,0.01532567,0.001915709,0.029693487,0.005747126,0,0.00862069,0.005747126,0.005747126,0.004789272,0.005747126,0.141762452,0.012452107,0.02394636,0.00862069,0.004789272,0.005747126,0,0,0,0,0.002873563,0,0.05651341,0,0,0,0,0,0,0,0.002873563,0.016283525,0,0,0,0,0,0,0.002873563,0.021072797,0.007662835,0,0,0,0,0,0,0,0,0.012452107,0.002873563,0.010536398
0.016937894,0,0,0,0.009404389,0,0.001675744,0.014327855,0.000755287,0,0,0,0.00736465,0,0,0,0.006511123,0.006807683,0.004670715,0.0071875,0.001745201,0.003064351,0.005226481,0.008810573,0,0,0,0,0,0.001963094,0,0,0.010350584,0,0,0.004477135,0,0,0,0.032348805,0.026019691,0.085794655,0,0.002109705,0,0.023206751,0.008438819,0,0,0,0.032348805,0.061884669,0.081575246,0,0,0,0.007032349,0,0.007032349,0,0.005625879,0.00140647,0,0,0,0.033755274,0.005625879,0,0,0,0,0.008438819,0.024613221,0,0,0.018987342,0,0.016877637,0,0.023206751,0.007735584,0.058368495,0.043600563,0,0.040084388,0.021097046,0.005625879,0.005625879,0,0,0.004922644,0.007735584,0,0.021800281,0,0.002109705,0.000703235,0,0,0,0,0.014064698,0,0,0.008438819,0.00281294,0,0,0,0,0.017580872,0,0,0,0.008438819,0.00281294,0,0,0,0,0,0,0
0.00597808,0.001307531,0.001652893,0.010118044,0,0,0.006493506,0,0.024169184,0,0,0.016478751,0.009753185,0.003215434,0,0,0,0.002188184,0.006071929,0.004375,0.012798138,0.013278856,0.030487805,0.005034613,0.014851485,0.007111814,0.01141283,0,0,0.000785238,0,0,0.002003339,0,0.00862069,0.011512632,0.010536398,0,0,0.045454545,0.03030303,0.064848485,0.007272727,0.00969697,0.005454545,0,0,0,0.004242424,0,0.010909091,0.035757576,0.082424242,0.011515152,0,0,0.003636364,0.012727273,0,0,0.025454545,0.005454545,0,0.007878788,0.000606061,0.010909091,0.010909091,0,0,0,0,0.02,0.016969697,0,0.012727273,0,0.013939394,0.009090909,0.006060606,0,0,0.064848485,0.024242424,0.016363636,0.029090909,0.010909091,0,0,0,0,0,0,0.009090909,0.033939394,0,0,0,0,0,0.005454545,0,0.025454545,0,0,0,0,0,0,0,0,0.001818182,0,0,0,0,0,0,0,0,0.003030303,0,0,0.012727273
0.022583859,0.000784519,0.016528926,0.032040472,0.003526646,0.010093168,0.013405949,0.00168563,0.026435045,0.085336538,0.022364217,0.019080659,0.006767516,0.003215434,0.005062126,0,0.016277808,0.00316071,0.009341429,0.0140625,0.019778941,0.020939734,0.016550523,0.033983638,0.022630835,0.01066772,0,0.004846527,0.008060905,0.00942285,0.011756062,0.004823151,0.009015025,0.01603592,0.027155172,0.009274065,0.00862069,0.032348805,0.045454545,0,0.035425101,0.082995951,0.007692308,0.005668016,0.003643725,0.008704453,0.003036437,0.005668016,0.003846154,0.005263158,0.009109312,0.027125506,0.068825911,0.005465587,0.002024291,0.001417004,0.003238866,0.003643725,0.017611336,0,0.012145749,0.005668016,0.001619433,0.00465587,0.005465587,0.019230769,0.013765182,0,0.00242915,0,0.002226721,0.005465587,0.014574899,0.003643725,0.001619433,0.000809717,0.000404858,0.012550607,0.003238866,0.007894737,0.010526316,0.093927126,0.02611336,0.013967611,0.011336032,0.028744939,0.005465587,0,0.003238866,0.009716599,0,0,0.00465587,0.027125506,0.011740891,0.001417004,0.007287449,0.002631579,0,0.003238866,0.003036437,0.010931174,0,0.005870445,0.001821862,0,0.009311741,0.001214575,0.001012146,0.00465587,0.009919028,0.009716599,0,0.001214575,0,0.003036437,0,0.004048583,0,0.001012146,0.006882591,0.007287449,0.001012146
0.000996347,0.006276151,0.008264463,0,0.004702194,0.010869565,0.011101801,0.022756005,0,0.014423077,0.019169329,0,0.006966561,0.003215434,0.003681546,0,0,0.001945052,0.006539,0.0209375,0,0.044433095,0.018728223,0.023914412,0.014144272,0.021335441,0.008658009,0.002827141,0,0.011385944,0.004041146,0.006201194,0,0,0.009482759,0.008954269,0.029693487,0.026019691,0.03030303,0.035425101,0,0.082843263,0,0,0,0.00562516,0.004602403,0.020199437,0.000255689,0.001278445,0.014318589,0.023779085,0.109946305,0,0,0,0.01125032,0.002301202,0.005880849,0,0.019688059,0.001278445,0.006903605,0.00562516,0.00281258,0.011506009,0.019176681,0,0.004346714,0.005113782,0.0140629,0.024801841,0.012273076,0.004346714,0.004602403,0.003835336,0.000767067,0.001789824,0,0.001534134,0.006392227,0.109946305,0.040143186,0.009460496,0.007926362,0.032472513,0.00843774,0.004602403,0.004602403,0,0.008693429,0.003579647,0.004346714,0.031449757,0.001022756,0,0,0,0,0.004346714,0,0.005369471,0,0,0.000767067,0.001022756,0.001022756,0,0.002301202,0,0.009971874,0.00843774,0,0.001789824,0,0,0.002556891,0,0,0,0,0,0
