0,1846034,5109548,2668751,21345129,1841282,1963935,3881154,7285757,3991967,7313030,1825658,43904447,8093055,3458630,4724801,5345078,9113174,623595,9694854,1108818,4625141,2926502,1770086,2960135,788637,4454112,8012741,4748150,13724546,1834517,9591839,1853342,1801182,3736448,6882090,13377308,6013220,2200575,319853,66255177,5966522,4660695,3805778,14562878,8356266,784061,3385275,4644968,7342620,1523528,14950910,1870902,13610120,1916670,9824217,6536864,2135832,4730036,9249518,1997561,3588689,2787458,2457225,9949601,2448371,12630504,34704981,4865108,2832438,15284439,5924420
1846034,0,4419909,2222913,19182794,1561281,1678070,3511832,6296436,3445655,6250566,1579988,39441635,7160250,2960628,4101696,4598300,8109848,527462,8552831,951023,4107966,2640569,1561802,2534957,669356,3665352,7067924,3952976,12338853,1628070,8624552,1606266,1589849,3179246,6134453,11740269,5074236,1862135,293816,60931859,5085948,3995822,3308907,13160832,7373570,681456,3047543,4041069,6407508,1317201,13560662,1627296,12186698,1629855,8515796,5714697,1822682,4082039,8331551,1754174,3081822,2470361,2125572,8755551,2058530,11155184,30946319,4289625,2441418,13569923,5329895
5109548,4419909,0,6349515,54015827,4444338,4769825,9876533,17858846,9775323,17765832,4480191,111069417,20220186,8412500,11623950,13053554,22877253,1502180,24165594,2701287,11592383,7430030,4412675,7202409,1905035,10494437,19970558,11292336,34741944,4594980,24283164,4553471,4491599,9044046,17299601,33203582,14457672,5302814,824072,170861679,14463083,11350611,9374558,37021292,20832789,1930782,8578740,11447522,18140808,3735738,38120906,4609992,34338827,4637009,24140039,16173870,5182103,11581110,23450598,4960557,8751551,6973989,6027776,24749891,5869343,31511864,87264891,12121371,6928118,38296173,15005277
2668751,2222913,6349515,0,24246683,1791701,1952073,4485261,7470099,4079336,7275288,1879013,49824042,8830821,3455153,4903593,5413011,10094907,602619,10499733,1113677,5097840,3358104,1917768,2960519,769472,3976685,8674950,4385678,15605121,2017794,10909820,1914950,1953417,3671103,7655732,14291465,5772494,2129118,383751,79716348,5891660,4675937,3965943,16777404,9055292,816290,3862160,4848579,7727084,1563843,17382143,1951736,15316904,1879976,10154889,6912273,2115668,4831386,10567940,2137475,3616721,3054987,2525844,10704995,2326233,13719249,38643257,5261355,2883543,16829096,6747849
21345129,19182794,54015827,24246683,0,23010516,24451076,46909500,90194564,49449500,91033101,22584750,532705937,98990142,43020953,58357820,66321122,111128244,7802478,118759962,13778852,56457533,35424878,21681552,36812745,9850956,56466920,98161208,59865228,166456359,22402802,116325101,22910501,22058036,46615137,83849352,164310951,75324470,27528042,3834167,793712790,74370782,57928320,46970286,176131365,102350673,9678480,41028582,57309168,90451779,18856643,180469856,23085657,165424091,23919110,121435026,80451369,26607549,58597041,112066833,24528006,44567579,34064589,30404901,122039367,30723699,154630794,422752109,59613780,35110613,186611258,71827368
1841282,1561281,4444338,1791701,23010516,0,1520621,3311588,5752694,3145320,5665418,1445003,37014863,6650456,2686427,3759551,4187496,7562477,474426,7928190,864171,3825647,2485353,1447884,2300871,603585,3228644,6551129,3513324,11585565,1515347,8098742,1470551,1474275,2872134,5726789,10843650,4556031,1675434,279807,58069925,4600751,3629841,3036167,12400248,6836106,625131,2864039,3709625,5894634,1203812,12807684,1493589,11411745,1471757,7797114,5263961,1650168,3725793,7832897,1620888,2802902,2297145,1943327,8102015,1843272,10348493,28897085,3974813,2226396,12633875,5006784
1963935,1678070,4769825,1952073,24451076,1520621,0,3632717,6413276,3508092,6342020,1610094,40703148,7351821,3005546,4184334,4676216,8343068,533202,8773172,966116,4223367,2728949,1602116,2573790,677468,3668375,7249685,3973178,12736694,1673355,8903021,1637694,1631099,3220634,6314315,12021533,5125127,1882686,305414,63360470,5155454,4058661,3377343,13608369,7564098,695468,3147183,4125539,6548291,1341839,14038404,1661183,12562892,1650717,8682861,5843871,1848332,4155770,8605586,1796568,3132098,2537898,2165726,8973494,2076455,11446898,31857611,4399310,2484458,13949264,5502980
3881154,3511832,9876533,4485261,46909500,3311588,3632717,0,16917372,9277209,17110572,4234961,99141830,18481181,8083910,10936350,12450395,20722694,1469400,22185027,2588175,10532129,6586829,4050117,6916808,1854005,10686384,18337556,11306454,30974217,4179923,21645182,4294844,4120125,8769162,15630569,30726216,14191602,5183805,710159,146972888,13985790,10881900,8799699,32738489,19118820,1813350,7632459,10735334,16933583,3536568,33518882,4324668,30808154,4500131,22763762,15056025,5002617,10993728,20845011,4586193,8369453,6357573,5701866,22809147,5792382,28879359,78800231,11137437,6588849,34815102,13363728
7285757,6296436,17858846,7470099,90194564,5752694,6413276,16917372,0,13867320,25193051,6356273,157805295,28711778,11930153,16493463,18515442,32491908,2129312,34310315,3831113,16463115,10558191,6265151,10214234,2700716,14859435,28354056,15996627,49362108,6525438,34502220,6460601,6377303,12822755,24571662,47133044,20491574,7516766,1171805,242970629,20507384,16097801,13302537,52610984,29578650,2739750,12189474,16244477,25745543,5299875,54181049,6541701,48781895,6574248,34250811,22955654,7348094,16428912,33321525,7041758,12412530,9903401,8551754,35136516,8317710,44742471,123949323,17209557,9827730,54386115,21320372
3991967,3445655,9775323,4079336,49449500,3145320,3508092,9277209,13867320,0,13704170,3459810,86057328,15645707,6490107,8979047,10075142,17710752,1157649,18693777,2084369,8972877,5759040,3413556,5556750,1468566,8067018,15448440,8689716,26920083,3556410,18816230,3516857,3474729,6973523,13394667,25673430,11139336,4086749,639732,132654206,11153772,8758044,7242467,28699281,16115939,1491611,6648083,8844467,14019588,2884652,29561051,3561654,26598321,3575225,18644724,12501518,3996792,8941205,18173925,3835772,6753638,5397050,4654731,19141506,4520696,24379056,67569333,9376266,5348270,29641421,11627655
7313030,6250566,17765832,7275288,91033101,5665418,6342020,17110572,25193051,13704170,0,6006236,151756370,27416186,11213603,15608369,17445518,31110147,1989720,32717979,3604443,15748785,10173911,5974794,9602676,2527940,13694994,27036458,14830155,47486597,6239952,33193338,6109059,6082845,12017180,23544663,44835512,19125863,7025477,1138350,236155884,19236068,15142389,12597855,50732846,28208868,2594180,11733518,15388562,24424523,5005616,52333442,6196355,46841232,6159393,32389451,21796530,6896391,15503168,32083614,6700422,11685200,9464024,8078994,33466251,7749317,42688481,118789265,16406573,9268479,52016594,20516729
1825658,1579988,4480191,1879013,22584750,1445003,1610094,4234961,6356273,3459810,6006236,0,39756164,7239680,3013920,4163358,4676210,8190126,538305,8652770,967746,4150259,2659287,1580004,2580365,682623,3762690,7150706,4047849,12435348,1645101,8691767,1630971,1608252,3240557,6193119,11890092,5181135,1900244,294846,61131675,5182062,4066427,3357594,13249923,7459389,691535,3070553,4100000,6496863,1338137,13642556,1651104,12291984,1661498,8646501,5792235,1856685,4148483,8393484,1776339,3135198,2496903,2159120,8862404,2103519,11282948,31239917,4340243,2481786,13710747,5370842
43904447,39441635,111069417,49824042,532705937,37014863,40703148,99141830,157805295,86057328,151756370,39756164,0,203305340,88323155,119828837,136166483,228250133,16016622,243900302,28288956,115957419,72772464,44528021,75577881,20222402,115879914,201595812,122868471,341932226,46012397,238953711,47042328,45301418,95695838,172224428,337429194,154619231,56508746,7878186,1630890986,152678169,118930401,96447939,361829363,210200681,19873539,84281675,117678450,185739798,38717448,370758507,47403888,339795240,49103024,249344003,165207690,54624167,120312080,230211384,50371098,91501641,69963033,62429306,250627994,63064380,317573279,868325876,122429517,72088512,383276717,147547949
8093055,7160250,20220186,8830821,98990142,6650456,7351821,18481181,28711778,15645707,27416186,7239680,203305340,0,15073304,20586372,23292719,39689105,2718302,42229095,4832252,20143826,12742062,7710165,12900680,3437531,19424996,34902186,20703243,59761026,7989969,41765810,8075411,7845558,16285803,29971536,58274703,26213198,9592416,1392182,288373685,26005053,20311557,16581651,63405273,36398292,3416150,14740199,20237753,31989458,6638624,65090324,8151404,59267198,8354148,42806117,28478108,9308829,20611346,40273910,8701752,15639240,12140673,10707023,43340696,10673760,55015151,151139324,21191772,12342747,66568653,25796481
3458630,2960628,8412500,3455153,43020953,2686427,3005546,8083910,11930153,6490107,11213603,3013920,88323155,15073304,0,7442918,8324193,14810246,950540,15584679,1720236,7498302,4838999,2845970,4583418,1207365,6555632,12878493,7092902,22591265,2971122,15791256,2913464,2897363,5738481,11207421,21364146,9138456,3356145,540813,112186070,9184491,7226978,6006713,24127503,13436637,1236947,5581619,7337019,11642795,2387624,24882900,2954369,22290108,2941380,15446646,10388790,3292500,7395771,15261558,3192624,5576328,4506660,3853451,15943794,3703646,20332439,56543114,7815297,4421894,24766769,9760193
4724801,4101696,11623950,4903593,58357820,3759551,4184334,10936350,16493463,8979047,15608369,4163358,119828837,20586372,7442918,0,12310211,21470772,1420100,22707818,2548568,10882668,6959679,4146398,6796724,1800048,9960792,18766199,10699932,32559177,4314156,22757076,4289613,4220330,8542542,16232273,31223648,13672359,5012751,769977,159620313,13657524,10709513,8827326,34670001,19575444,1818165,8038250,10778318,17072894,3520494,35681630,4340640,32199659,4380264,22740717,15217823,4892670,10916678,21971348,4664357,8255294,6549050,5680041,23265156,5553465,29606217,81876636,11391054,6531783,35953619,14061179
5345078,4598300,13053554,5413011,66321122,4187496,4676216,12450395,18515442,10075142,17445518,4676210,136166483,23292719,8324193,12310211,0,23382950,1517553,24651317,2737818,11843462,7617804,4501517,7297188,1926083,10532771,20371346,11365154,35591244,4693649,24877527,4626200,4582430,9149319,17688530,33830945,14597519,5357621,848243,175917770,14637620,11503029,9531243,37970262,21252599,1962894,8791068,11640531,18459569,3793271,39129563,4687476,35146553,4690317,24526451,16464881,5246028,11754534,24034107,5054981,8872467,7121522,6121352,25232967,5921021,32153424,89234244,12363447,7029876,39122091,15374432
9113174,8109848,22877253,10094907,111128244,7562477,8343068,20722694,32491908,17710752,31110147,8190126,228250133,39689105,14810246,21470772,23382950,0,3160943,48718176,5604684,23208791,14635392,8894690,14967156,3994767,22700325,40266422,24143955,68690075,9207120,48004886,9347934,9050211,18917072,34507736,67296750,30494858,11153541,1593309,329957501,30196547,23560119,19183055,72803696,41989581,3952355,16938104,23409956,36982248,7688277,74684438,9429513,68176682,9705002,49550097,32911503,10806953,23878430,46273842,10047783,18134943,13993875,12398711,50024802,12425474,63455225,174001626,24450806,14302467,76703327,29646806
623595,527462,1502180,602619,7802478,474426,533202,1469400,2129312,1157649,1989720,538305,16016622,2718302,950540,1420100,1517553,3160943,0,2652755,288146,1281074,833766,484467,767042,200984,1070544,2191959,1166840,3885038,507389,2715827,490980,493320,956687,1918500,3626000,1515920,557670,94053,19521714,1532837,1210259,1014101,4160672,2287407,208790,960555,1239137,1969740,401801,4299123,498894,3824985,490193,2603315,1759383,549869,1243289,2627208,542048,934737,769035,648674,2710103,613008,3463046,9681069,1329875,742829,4230441,1679076
9694854,8552831,24165594,10499733,118759962,7928190,8773172,22185027,34310315,18693777,32717979,8652770,243900302,42229095,15584679,22707818,24651317,48718176,2652755,0,5703297,23855898,15113892,9125030,15223857,4053116,22837490,41305826,24366504,70859322,9461592,49522853,9540633,9285618,19206791,35507235,68932298,30890471,11306988,1654323,342713405,30674546,23971920,19596296,75219612,43077938,4037090,17479953,23918555,37818849,7841303,77246906,9633753,70245449,9851964,50573702,33673566,10981518,24341111,47762375,10293786,18460518,14374827,12647393,51280599,12573983,65117039,179061161,25078866,14574536,78832692,30589266
1108818,951023,2701287,1113677,13778852,864171,966116,2588175,3831113,2084369,3604443,967746,28288956,4832252,1720236,2548568,2737818,5604684,288146,5703297,0,2424719,1562720,920816,1486841,391977,2134410,4166946,2306825,7297874,960834,5101146,944114,937413,1862610,3623039,6915558,2968412,1089888,174396,36173334,2980641,2344161,1945947,7790780,4347407,400736,1802885,2376786,3770618,773880,8032295,957071,7203014,954773,5005452,3363971,1068405,2397513,4929306,1033397,1808486,1457585,1248929,5159801,1203443,6578028,18278199,2528798,1433616,8009078,3152751
4625141,4107966,11592383,5097840,56457533,3825647,4223367,10532129,16463115,8972877,15748785,4150259,115957419,20143826,7498302,10882668,11843462,23208791,1281074,23855898,2424719,0,7379181,4478261,7521638,2006457,11380985,20272812,12112938,34625444,4637274,24198617,4701191,4556673,9502935,17385105,33870852,15311382,5601095,804300,166574879,15170802,11840793,9649293,36711503,21140844,1988036,8538936,11775932,18606749,3865947,37668848,4743270,34357661,4875101,24919586,16560521,5429807,12005604,23328720,5057301,9115139,7047558,6234728,25182047,6237441,31950152,87664664,12309843,7190459,38633529,14945088
2926502,2640569,7430030,3358104,35424878,2485353,2728949,6586829,10558191,5759040,10173911,2659287,72772464,12742062,4838999,6959679,7617804,14635392,833766,15113892,1562720,7379181,0,3020222,5145728,1378343,7926885,13674228,8393762,23134310,3118517,16166738,3198107,3072525,6520581,11665793,22902908,10546055,3852986,531419,109992701,10400993,8096249,6554244,24463034,14257230,1350593,5701257,7996353,12616272,2632959,25054119,3221228,23002334,3346058,16950981,11219039,3720683,8183621,15571479,3418655,6227753,4742654,4245191,17005358,4303272,21537425,58813985,8304845,4904205,25975404,9981810
1770086,1561802,4412675,1917768,21681552,1447884,1602116,4050117,6265151,3413556,5974794,1580004,44528021,7710165,2845970,4146398,4501517,8894690,484467,9125030,920816,4478261,3020222,0,2781693,740615,4173651,7546263,4452839,12944217,1728509,9046574,1743155,1696407,3509562,6486563,12593732,5644689,2066126,302169,62597811,5604957,4380108,3580353,13740366,7870001,737600,3193127,4370042,6909591,1432691,14110430,1760138,12832341,1800206,9240239,6152183,2006570,4447422,8724900,1880639,3373047,2626110,2310809,9368691,2297714,11896317,32711337,4581729,2662964,14401668,5587871
2960135,2534957,7202409,2960519,36812745,2300871,2573790,6916808,10214234,5556750,9602676,2580365,75577881,12900680,4583418,6796724,7297188,14967156,767042,15223857,1486841,7521638,5145728,2781693,0,1036104,5629167,11043780,6089094,19366242,2547566,13536939,2499210,2484564,4924265,9608964,18322230,7843080,2880255,463437,96133101,7881057,6200667,5152341,20681285,11522334,1061015,4784700,6293357,9986088,2048231,21327434,2534132,19109442,2524065,13250319,8910225,2825178,6344703,13082451,2738015,4784279,3864299,3305663,13672980,3178880,17435415,48478338,6701955,3793554,21235925,8366774
788637,669356,1905035,769472,9850956,603585,677468,1854005,2700716,1468566,2527940,682623,20222402,3437531,1207365,1800048,1926083,3994767,200984,4053116,391977,2006457,1378343,740615,1036104,0,1394192,2819135,1516182,4981343,651915,3482124,633341,634403,1238091,2463231,4667417,1964790,722429,120195,24943631,1983066,1564130,1307427,5330415,2941721,269198,1231353,1597382,2537894,518522,5504696,643154,4907478,634449,3358058,2266169,711234,1604963,3367560,697658,1207697,988314,837033,3486905,795060,4452992,12429129,1710507,959123,5435108,2152658
4454112,3665352,10494437,3976685,56466920,3228644,3668375,10686384,14859435,8067018,13694994,3762690,115879914,19424996,6555632,9960792,10532771,22700325,1070544,22837490,2134410,11380985,7926885,4173651,5629167,1394192,0,13562655,6530867,24719601,3168342,17283429,2954364,3055482,5578017,12057608,22261055,8706476,3219383,616139,128077449,8966040,7150814,6133838,26666615,14160927,1262151,6123282,7502592,11984757,2408010,27691775,3019550,24198063,2854998,15668718,10735695,3222803,7428542,16761326,3330921,5538569,4792290,3890939,16707612,3496844,21468432,60877805,8223233,4429233,26432562,10693851
8012741,7067924,19970558,8674950,98161208,6551129,7249685,18337556,28354056,15448440,27036458,7150706,201595812,34902186,12878493,18766199,20371346,40266422,2191959,41305826,4166946,20272812,13674228,7546263,11043780,2819135,13562655,0,20122157,58536902,7815752,40910865,7880187,7670196,15862736,29331362,56938622,25511250,9338123,1366776,283145978,25334067,19798890,16186002,62140455,35583605,3334520,14440284,19756125,31237854,6476535,63816336,7957230,58028685,8136636,41771913,27814137,9069668,20104410,39456863,8502773,15247026,11874255,10446156,42358703,10384200,53788754,147916805,20715783,12037692,65119896,25269881
4748150,3952976,11292336,4385678,59865228,3513324,3973178,11306454,15996627,8689716,14830155,4047849,122868471,20703243,7092902,10699932,11365154,24143955,1166840,24366504,2306825,12112938,8393762,4452839,6089094,1516182,6530867,20122157,0,27706088,3581264,19369889,3396434,3466490,6507468,13589309,25357229,10229612,3773429,681693,141611105,10444284,8290668,7034826,29791355,16069179,1447926,6857298,8600613,13707854,2773491,30867981,3462048,27191526,3332415,18011214,12263024,3750632,8568039,18763751,3792570,6412959,5421914,4479683,18995228,4121874,24346271,68594408,9336401,5113520,29869302,11980668
13724546,12338853,34741944,15605121,166456359,11585565,12736694,30974217,49362108,26920083,47486597,12435348,341932226,59761026,22591265,32559177,35591244,68690075,3885038,70859322,7297874,34625444,23134310,12944217,19366242,4981343,24719601,58536902,27706088,0,14425377,74891369,14756229,14204262,30029916,53988650,105814850,48528974,17734856,2467838,510861051,47909447,37314957,30251630,113388440,65908902,6233535,26414273,36910223,58253892,12145539,116176361,14868456,106507079,15409017,78213920,51812255,17140301,37743027,72148326,15795719,28708026,21934862,19583645,78589917,19794977,99573758,272199081,38388743,22615451,120160200,46242942
1834517,1628070,4594980,2017794,22402802,1515347,1673355,4179923,6525438,3556410,6239952,1645101,46012397,7989969,2971122,4314156,4693649,9207120,507389,9461592,960834,4637274,3118517,1728509,2547566,651915,3168342,7815752,3581264,14425377,0,9570941,1857573,1801338,3753099,6874464,13387740,6045822,2211794,318302,65924168,5991848,4677321,3813024,14522003,8357301,785588,3377397,4653465,7353371,1527449,14902191,1874375,13587462,1925348,9846473,6545015,2144615,4743230,9227331,1998974,3600792,2786331,2463395,9954126,2462679,12630690,34664937,4866170,2840750,15274934,5911110
9591839,8624552,24283164,10909820,116325101,8098742,8903021,21645182,34502220,18816230,33193338,8691767,238953711,41765810,15791256,22757076,24877527,48004886,2715827,49522853,5101146,24198617,16166738,9046574,13536939,3482124,17283429,40910865,19369889,74891369,9570941,0,10319070,9932363,21001470,37750185,73992969,33939857,12403154,1725353,357159240,33505323,26095532,21154785,79279428,46087007,4359081,18468747,25811037,40736015,8493489,81227450,10397408,74470964,10776345,54695172,36231224,11986965,26394234,50445683,11045418,20076308,15337752,13694997,54954849,13844258,69627012,190327965,26843534,15815379,84020316,32332958
1853342,1606266,4553471,1914950,22910501,1470551,1637694,4294844,6460601,3516857,6109059,1630971,47042328,8075411,2913464,4289613,4626200,9347934,490980,9540633,944114,4701191,3198107,1743155,2499210,633341,2954364,7880187,3396434,14756229,1857573,10319070,0,1643276,3318216,6324419,12153053,5307894,1946414,300582,62316767,5305685,4162025,3433718,13520178,7621970,707226,3133874,4192800,6642740,1368923,13917942,1688498,12549323,1701377,8844092,5921667,1900851,4244375,8566293,1815561,3208593,2550684,2208725,9056994,2155449,11528265,31901549,4435038,2539335,14004629,5481803
1801182,1589849,4491599,1953417,22058036,1474275,1631099,4120125,6377303,3474729,6082845,1608252,45301418,7845558,2897363,4220330,4582430,9050211,493320,9285618,937413,4556673,3072525,1696407,2484564,634403,3055482,7670196,3466490,14204262,1801338,9932363,1643276,0,3578720,6610352,12836720,5756532,2106989,307811,63765395,5715273,4465983,3649884,13999991,8021271,751928,3253631,4454871,7043435,1460621,14376338,1794311,13076438,1835694,9420057,6271206,2046033,4534230,8890154,1916910,3439104,2676434,2355840,9549114,2343350,12124835,33335432,4669844,2714985,14677289,5693802
3736448,3179246,9044046,3671103,46615137,2872134,3220634,8769162,12822755,6973523,12017180,3240557,95695838,16285803,5738481,8542542,9149319,18917072,956687,19206791,1862610,9502935,6520581,3509562,4924265,1238091,5578017,15862736,6507468,30029916,3753099,21001470,3318216,3578720,0,11798315,22396290,9473739,3482129,573794,119062079,9549554,7526699,6280625,25491891,14106648,1293225,5891298,7672935,12186161,2492576,26314782,3089436,23493584,3056154,16137377,10879073,3424491,7716911,16110741,3347421,5810328,4736943,4023434,16726373,3835398,21351513,59530173,8203265,4612305,26044823,10299950
6882090,6134453,17299601,7655732,83849352,5726789,6314315,15630569,24571662,13394667,23544663,6193119,172224428,29971536,11207421,16232273,17688530,34507736,1918500,35507235,3623039,17385105,11665793,6486563,9608964,2463231,12057608,29331362,13589309,53988650,6874464,37750185,6324419,6610352,11798315,0,51179391,23237966,8498144,1208715,250295837,22999028,17939199,14595906,55280375,31924071,3007302,12863948,17811471,28133493,5851515,56697104,7174532,51793121,7392657,37707332,25034393,8230583,18175464,35142395,7641128,13807191,10636886,9436349,38038631,9470280,48241788,132216921,18590360,10887243,58297409,22516601
13377308,11740269,33203582,14291465,164310951,10843650,12021533,30726216,47133044,25673430,44835512,11890092,337429194,58274703,21364146,31223648,33830945,67296750,3626000,68932298,6915558,33870852,22902908,12593732,18322230,4667417,22261055,56938622,25357229,105814850,13387740,73992969,12153053,12836720,22396290,51179391,0,41351849,15143754,2249325,466076940,41137094,32181690,26374368,101960901,58134966,5433113,23677166,32195307,50933940,10542737,104779973,12966876,95054877,13206570,68028993,45366098,14730125,32716181,64702650,13879499,24790149,19414767,17006214,69169977,16821363,87891915,242115698,33839835,19584875,106507194,41429132
6013220,5074236,14457672,5772494,75324470,4556031,5125127,14191602,20491574,11139336,19125863,5181135,154619231,26213198,9138456,13672359,14597519,30494858,1515920,30890471,2968412,15311382,10546055,5644689,7843080,1964790,8706476,25511250,10229612,48528974,6045822,33939857,5307894,5756532,9473739,23237966,41351849,0,5287850,900404,186911087,14548148,11494965,9648549,39762411,21801483,1986417,9175881,11790521,18749171,3820268,41101727,4746902,36517128,4650969,24759839,16750493,5219564,11818379,25098476,5163390,8879927,7333427,6167910,25822002,5807634,33010043,92381984,12674013,7060068,40349204,16038530
2200575,1862135,5302814,2129118,27528042,1675434,1882686,5183805,7516766,4086749,7025477,1900244,56508746,9592416,3356145,5012751,5357621,11153541,557670,11306988,1089888,5601095,3852986,2066126,2880255,722429,3219383,9338123,3773429,17734856,2211794,12403154,1946414,2106989,3482129,8498144,15143754,5287850,0,332334,68978156,5424666,4282509,3587295,14706278,8088960,738579,3395432,4383281,6967233,1421510,15194568,1764780,13522247,1734873,9209609,6222933,1945922,4398741,9286712,1917036,3307455,2719296,2294885,9584289,2170116,12246141,34227792,4702916,2628191,14958215,5935380
319853,293816,824072,383751,3834167,279807,305414,710159,1171805,639732,1138350,294846,7878186,1392182,540813,769977,848243,1593309,94053,1654323,174396,804300,531419,302169,463437,120195,616139,1366776,681693,2467838,318302,1725353,300582,307811,573794,1208715,2249325,900404,332334,0,12601650,1237998,961142,772997,2829498,1669409,159314,660782,942794,1485321,311354,2892251,379833,2673468,398705,2002046,1319670,442634,968556,1804202,401250,738764,554123,501879,1993890,515342,2520735,6850362,972809,580760,3032187,1157298
66255177,60931859,170861679,79716348,793712790,58069925,63360470,146972888,242970629,132654206,236155884,61131675,1630890986,288373685,112186070,159620313,175917770,329957501,19521714,342713405,36173334,166574879,109992701,62597811,96133101,24943631,128077449,283145978,141611105,510861051,65924168,357159240,62316767,63765395,119062079,250295837,466076940,186911087,68978156,12601650,0,257803862,200119389,160882698,588205850,347301357,33157983,137382633,196218932,309105209,64811898,601179504,79053288,555934176,83032689,416718804,274617765,92172345,201626640,375103442,83487567,153810965,115263767,104470491,414839708,107354907,524395659,1424683365,202386228,120902069,630694349,240618036
5966522,5085948,14463083,5891660,74370782,4600751,5155454,13985790,20507384,11153772,19236068,5182062,152678169,26005053,9184491,13657524,14637620,30196547,1532837,30674546,2980641,15170802,10400993,5604957,7881057,1983066,8966040,25334067,10444284,47909447,5991848,33505323,5305685,5715273,9549554,22999028,41137094,14548148,5424666,1237998,257803862,0,12153380,10129026,40981187,22722045,2085702,9473864,12373800,19646976,4021823,42291953,4982291,37796580,4938362,26032175,17536953,5531798,12453354,25906671,5393970,9380592,7627212,6491597,26947856,6203876,34389026,95804682,13214127,7444014,41930043,16564329
4660695,3995822,11350611,4675937,57928320,3629841,4058661,10881900,16097801,8758044,15142389,4066427,118930401,20311557,7226978,10709513,11503029,23560119,1210259,23971920,2344161,11840793,8096249,4380108,6200667,1564130,7150814,19798890,8290668,37314957,4677321,26095532,4162025,4465983,7526699,17939199,32181690,11494965,4282509,961142,200119389,12153380,0,8161865,32698755,18239039,1680792,7566405,9969038,15816092,3245550,33714491,4014255,30227076,4002981,20993172,14110836,4479690,10054517,20687681,4335128,7583624,6115590,5237888,21646311,5044493,27597792,76698032,10609131,6012062,33604749,13231422
3805778,3308907,9374558,3965943,46970286,3036167,3377343,8799699,13302537,7242467,12597855,3357594,96447939,16581651,6006713,8827326,9531243,19183055,1014101,19596296,1945947,9649293,6554244,3580353,5152341,1307427,6133838,16186002,7034826,30251630,3813024,21154785,3433718,3649884,6280625,14595906,26374368,9648549,3587295,772997,160882698,10129026,8161865,0,28076750,15875142,1475810,6511088,8748279,13854789,2858492,28889819,3523151,26090409,3560115,18461640,12348056,3975735,8864838,17796471,3783746,6705648,5309730,4611807,18870458,4516721,24008540,66358476,9238256,5304492,29146797,11390177
14562878,13160832,37021292,16777404,176131365,12400248,13608369,32738489,52610984,28699281,50732846,13249923,361829363,63405273,24127503,34670001,37970262,72803696,4160672,75219612,7790780,36711503,24463034,13740366,20681285,5330415,26666615,62140455,29791355,113388440,14522003,79279428,13520178,13999991,25491891,55280375,101960901,39762411,14706278,2829498,588205850,40981187,32698755,28076750,0,71390745,6767538,28520994,40066319,63206082,13196312,125289144,16140363,115100873,16782419,84948011,56201492,18658538,41019344,77895384,17122161,31222551,23743250,21276267,85162311,21593694,107840624,294356501,41586651,24583019,130030340,49936386
8356266,7373570,20832789,9055292,102350673,6836106,7564098,19118820,29578650,16115939,28208868,7459389,210200681,36398292,13436637,19575444,21252599,41989581,2287407,43077938,4347407,21140844,14257230,7870001,11522334,2941721,14160927,35583605,16069179,65908902,8357301,46087007,7621970,8021271,14106648,31924071,58134966,21801483,8088960,1669409,347301357,22722045,18239039,15875142,71390745,0,3483372,15078344,20637788,32630700,6766079,66629843,8312363,60596816,8502093,43638020,29053683,9476630,21003671,41200007,8881212,15929967,12401352,10913099,44242865,10852070,56178822,154471052,21636723,12576320,68009057,26386673
784061,681456,1930782,816290,9678480,625131,695468,1813350,2739750,1491611,2594180,691535,19873539,3416150,1236947,1818165,1962894,3952355,208790,4037090,400736,1988036,1350593,737600,1061015,269198,1262151,3334520,1447926,6233535,785588,4359081,707226,751928,1293225,3007302,5433113,1986417,738579,159314,33157983,2085702,1680792,1475810,6767538,3483372,0,1339674,1799145,2849454,587819,5944766,724559,5367785,731934,3796577,2539634,817422,1822916,3661703,778254,1378818,1092260,948377,3881450,928460,4938542,13651677,1900260,1090767,5995905,2343540
3385275,3047543,8578740,3862160,41028582,2864039,3147183,7632459,12189474,6648083,11733518,3070553,84281675,14740199,5581619,8038250,8791068,16938104,960555,17479953,1802885,8538936,5701257,3193127,4784700,1231353,6123282,14440284,6857298,26414273,3377397,18468747,3133874,3253631,5891298,12863948,23677166,9175881,3395432,660782,137382633,9473864,7566405,6511088,28520994,15078344,1339674,0,9157812,14451680,3014163,28775754,3689052,26395002,3826457,19408440,12852720,4255815,9367353,17875658,3917645,7126316,5438274,4859982,19490205,4917648,24690582,67469000,9519618,5613138,29788959,11457861
4644968,4041069,11447522,4848579,57309168,3709625,4125539,10735334,16244477,8844467,15388562,4100000,117678450,20237753,7337019,10778318,11640531,23409956,1239137,23918555,2376786,11775932,7996353,4370042,6293357,1597382,7502592,19756125,8600613,36910223,4653465,25811037,4192800,4454871,7672935,17811471,32195307,11790521,4383281,942794,196218932,12373800,9969038,8748279,40066319,20637788,1799145,9157812,0,16961547,3500262,35334965,4313514,31920930,4361171,22605105,15116283,4869887,10855595,21770390,4631495,8212506,6497933,5647148,23097218,5534552,29383581,81196014,11306981,6495903,35667677,13933995
7342620,6407508,18140808,7727084,90451779,5894634,6548291,16933583,25745543,14019588,24424523,6496863,185739798,31989458,11642795,17072894,18459569,36982248,1969740,37818849,3770618,18606749,12616272,6909591,9986088,2537894,11984757,31237854,13707854,58253892,7353371,40736015,6642740,7043435,12186161,28133493,50933940,18749171,6967233,1485321,309105209,19646976,15816092,13854789,63206082,32630700,2849454,14451680,16961547,0,5621370,56432600,6922596,51056271,7017497,36292536,24245223,7832828,17437613,34796871,7424649,13199517,10405616,9068681,37017684,8917322,47072907,129932540,18117473,10436013,57105420,22274684
1523528,1317201,3735738,1563843,18856643,1203812,1341839,3536568,5299875,2884652,5005616,1338137,38717448,6638624,2387624,3520494,3793271,7688277,401801,7841303,773880,3865947,2632959,1432691,2048231,518522,2408010,6476535,2773491,12145539,1527449,8493489,1368923,1460621,2492576,5851515,10542737,3820268,1421510,311354,64811898,4021823,3245550,2858492,13196312,6766079,587819,3014163,3500262,5621370,0,11346086,1370871,10217645,1378230,7177983,4810143,1540364,3443288,6978687,1475421,2601728,2074683,1792265,7361705,1744076,9373739,25963706,3605579,2059809,11393114,4465320
14950910,13560662,38120906,17382143,180469856,12807684,14038404,33518882,54181049,29561051,52333442,13642556,370758507,65090324,24882900,35681630,39129563,74684438,4299123,77246906,8032295,37668848,25054119,14110430,21327434,5504696,27691775,63816336,30867981,116176361,14902191,81227450,13917942,14376338,26314782,56697104,104779973,41101727,15194568,2892251,601179504,42291953,33714491,28889819,125289144,66629843,5944766,28775754,35334965,56432600,11346086,0,16832232,119670824,17540685,88619885,58580366,19494929,42811181,80935541,17838678,32602250,24713171,22200506,88706969,22593468,112286643,306180956,43308773,25659974,135316529,51892349
1870902,1627296,4609992,1951736,23085657,1493589,1661183,4324668,6541701,3561654,6196355,1651104,47403888,8151404,2954369,4340640,4687476,9429513,498894,9633753,957071,4743270,3221228,1760138,2534132,643154,3019550,7957230,3462048,14868456,1874375,10397408,1688498,1794311,3089436,7174532,12966876,4746902,1764780,379833,79053288,4982291,4014255,3523151,16140363,8312363,724559,3689052,4313514,6922596,1370871,16832232,0,12845907,1754273,9094382,6081965,1958963,4367205,8761487,1863533,3303749,2614722,2271894,9293588,2226042,11823393,32674449,4549647,2613273,14352647,5607672
13610120,12186698,34338827,15316904,165424091,11411745,12562892,30808154,48781895,26598321,46841232,12291984,339795240,59267198,22290108,32199659,35146553,68176682,3824985,70245449,7203014,34357661,23002334,12832341,19109442,4907478,24198063,58028685,27191526,106507079,13587462,74470964,12549323,13076438,23493584,51793121,95054877,36517128,13522247,2673468,555934176,37796580,30227076,26090409,115100873,60596816,5367785,26395002,31920930,51056271,10217645,119670824,12845907,0,14968637,76149726,50496602,16657277,36727655,70579665,15403052,27919476,21413825,19062107,76655865,19204422,97166886,265938005,37453043,22003859,117332123,45230369
1916670,1629855,4637009,1879976,23919110,1471757,1650717,4500131,6574248,3575225,6159393,1661498,49103024,8354148,2941380,4380264,4690317,9705002,490193,9851964,954773,4875101,3346058,1800206,2524065,634449,2854998,8136636,3332415,15409017,1925348,10776345,1701377,1835694,3056154,7392657,13206570,4650969,1734873,398705,83032689,4938362,4002981,3560115,16782419,8502093,731934,3826457,4361171,7017497,1378230,17540685,1754273,14968637,0,8249571,5562851,1749818,3944442,8244842,1711874,2969474,2423100,2056691,8554382,1958885,10920941,30456801,4195634,2357462,13323437,5270933
9824217,8515796,24140039,10154889,121435026,7797114,8682861,22763762,34250811,18644724,32389451,8646501,249344003,42806117,15446646,22740717,24526451,49550097,2603315,50573702,5005452,24919586,16950981,9240239,13250319,3358058,15668718,41771913,18011214,78213920,9846473,54695172,8844092,9420057,16137377,37707332,68028993,24759839,9209609,2002046,416718804,26032175,20993172,18461640,84948011,43638020,3796577,19408440,22605105,36292536,7177983,88619885,9094382,76149726,8249571,0,31412585,10084881,22516820,45433409,9630719,17022407,13529477,11717337,48042615,11436672,61150092,169207724,23525286,13471517,74283309,29074283
6536864,5714697,16173870,6912273,80451369,5263961,5843871,15056025,22955654,12501518,21796530,5792235,165207690,28478108,10388790,15217823,16464881,32911503,1759383,33673566,3363971,16560521,11219039,6152183,8910225,2266169,10735695,27814137,12263024,51812255,6545015,36231224,5921667,6271206,10879073,25034393,45366098,16750493,6222933,1319670,274617765,17536953,14110836,12348056,56201492,29053683,2539634,12852720,15116283,24245223,4810143,58580366,6081965,50496602,5562851,31412585,0,7044557,15670910,31181055,6664584,11866140,9334605,8148594,33223484,8027939,42237704,116510687,16258338,9379455,51221582,19961736
2135832,1822682,5182103,2115668,26607549,1650168,1848332,5002617,7348094,3996792,6896391,1856685,54624167,9308829,3292500,4892670,5246028,10806953,549869,10981518,1068405,5429807,3720683,2006570,2825178,711234,3222803,9069668,3750632,17140301,2144615,11986965,1900851,2046033,3424491,8230583,14730125,5219564,1945922,442634,92172345,5531798,4479690,3975735,18658538,9476630,817422,4255815,4869887,7832828,1540364,19494929,1958963,16657277,1749818,10084881,7044557,0,4487319,9314375,1941827,3381009,2744498,2338826,9700164,2238651,12376374,34462626,4756085,2682479,15086298,5955831
4730036,4082039,11581110,4831386,58597041,3725793,4155770,10993728,16428912,8941205,15503168,4148483,120312080,20611346,7395771,10916678,11754534,23878430,1243289,24341111,2397513,12005604,8183621,4447422,6344703,1604963,7428542,20104410,8568039,37743027,4743230,26394234,4244375,4534230,7716911,18175464,32716181,11818379,4398741,968556,201626640,12453354,10054517,8864838,41019344,21003671,1822916,9367353,10855595,17437613,3443288,42811181,4367205,36727655,3944442,22516820,15670910,4487319,0,21520785,4541376,7994760,6390255,5510414,22662978,5350673,28864797,80007279,11101370,6331290,35096684,13768860
9249518,8331551,23450598,10567940,112066833,7832897,8605586,20845011,33321525,18173925,32083614,8393484,230211384,40273910,15261558,21971348,24034107,46273842,2627208,47762375,4929306,23328720,15571479,8724900,13082451,3367560,16761326,39456863,18763751,72148326,9227331,50445683,8566293,8890154,16110741,35142395,64702650,25098476,9286712,1804202,375103442,25906671,20687681,17796471,77895384,41200007,3661703,17875658,21770390,34796871,6978687,80935541,8761487,70579665,8244842,45433409,31181055,9314375,21520785,0,10729587,19524723,14891910,13313819,53377584,13477949,67615562,184734015,26070386,15377979,81570126,31367319
1997561,1754174,4960557,2137475,24528006,1620888,1796568,4586193,7041758,3835772,6700422,1776339,50371098,8701752,3192624,4664357,5054981,10047783,542048,10293786,1033397,5057301,3418655,1880639,2738015,697658,3330921,8502773,3792570,15795719,1998974,11045418,1815561,1916910,3347421,7641128,13879499,5163390,1917036,401250,83487567,5393970,4335128,3783746,17122161,8881212,778254,3917645,4631495,7424649,1475421,17838678,1863533,15403052,1711874,9630719,6664584,1941827,4541376,10729587,0,3713616,2906390,2547168,10356341,2521014,13158407,36239858,5066388,2933621,15943503,6199902
3588689,3081822,8751551,3616721,44567579,2802902,3132098,8369453,12412530,6753638,11685200,3135198,91501641,15639240,5576328,8255294,8872467,18134943,934737,18460518,1808486,9115139,6227753,3373047,4784279,1207697,5538569,15247026,6412959,28708026,3600792,20076308,3208593,3439104,5810328,13807191,24790149,8879927,3307455,738764,153810965,9380592,7583624,6705648,31222551,15929967,1378818,7126316,8212506,13199517,2601728,32602250,3303749,27919476,2969474,17022407,11866140,3381009,7994760,19524723,3713616,0,4743798,4070048,16799255,3928068,21412536,59468147,8232381,4672830,26063558,10252692
2787458,2470361,6973989,3054987,34064589,2297145,2537898,6357573,9903401,5397050,9464024,2496903,69963033,12140673,4506660,6549050,7121522,13993875,769035,14374827,1457585,7047558,4742654,2626110,3864299,988314,4792290,11874255,5421914,21934862,2786331,15337752,2550684,2676434,4736943,10636886,19414767,7333427,2719296,554123,115263767,7627212,6115590,5309730,23743250,12401352,1092260,5438274,6497933,10405616,2074683,24713171,2614722,21413825,2423100,13529477,9334605,2744498,6390255,14891910,2906390,4743798,0,3718191,15036228,3712445,19082501,52395183,7351262,4287077,23083014,8938211
2457225,2125572,6027776,2525844,30404901,1943327,2165726,5701866,8551754,4654731,8078994,2159120,62429306,10707023,3853451,5680041,6121352,12398711,648674,12647393,1248929,6234728,4245191,2310809,3305663,837033,3890939,10446156,4479683,19583645,2463395,13694997,2208725,2355840,4023434,9436349,17006214,6167910,2294885,501879,104470491,6491597,5237888,4611807,21276267,10913099,948377,4859982,5647148,9068681,1792265,22200506,2271894,19062107,2056691,11717337,8148594,2338826,5510414,13313819,2547168,4070048,3718191,0,11902430,2822616,15154320,41966420,5829269,3331790,18416951,7216164
9949601,8755551,24749891,10704995,122039367,8102015,8973494,22809147,35136516,19141506,33466251,8862404,250627994,43340696,15943794,23265156,25232967,50024802,2710103,51280599,5159801,25182047,17005358,9368691,13672980,3486905,16707612,42358703,18995228,78589917,9954126,54954849,9056994,9549114,16726373,38038631,69169977,25822002,9584289,1993890,414839708,26947856,21646311,18870458,85162311,44242865,3881450,19490205,23097218,37017684,7361705,88706969,9293588,76655865,8554382,48042615,33223484,9700164,22662978,53377584,10356341,16799255,15036228,11902430,0,12714291,66123726,181983051,25462823,14768517,80088287,31112928
2448371,2058530,5869343,2326233,30723699,1843272,2076455,5792382,8317710,4520696,7749317,2103519,63064380,10673760,3703646,5553465,5921021,12425474,613008,12573983,1203443,6237441,4303272,2297714,3178880,795060,3496844,10384200,4121874,19794977,2462679,13844258,2155449,2343350,3835398,9470280,16821363,5807634,2170116,515342,107354907,6203876,5044493,4516721,21593694,10852070,928460,4917648,5534552,8917322,1744076,22593468,2226042,19204422,1958885,11436672,8027939,2238651,5350673,13477949,2521014,3928068,3712445,2822616,12714291,0,13199973,37005684,5066484,2810069,16150143,6434658
