0,1.29606933757896e-05,3.58732747700634e-05,1.87368506795281e-05,0.00014986055080008,1.29273303852262e-05,1.37884564124937e-05,2.72489276677566e-05,5.11520711360207e-05,2.80269270518695e-05,5.13435502693617e-05,1.28176369162525e-05,0.000308245717793175,5.68199742412118e-05,2.42824579234766e-05,3.31720309715987e-05,3.7526891177345e-05,6.39820576946136e-05,4.37815532415737e-06,6.80659348728396e-05,7.78482417309557e-06,3.24723349195047e-05,2.0546476980183e-05,1.24274752766081e-05,2.07826086008941e-05,5.53688737141494e-06,3.12715691549696e-05,5.6256103192367e-05,3.3335960362732e-05,9.63577227872943e-05,1.28798344611602e-05,6.73426839315747e-05,1.30120016112773e-05,1.26457950481906e-05,2.62329712467822e-05,4.8317993208461e-05,9.39198233518438e-05,4.22178034755404e-05,1.54498659425711e-05,2.24563396899864e-06,0.000465166423617154,4.18899446932738e-05,3.27219535572345e-05,2.67197254841059e-05,0.000102243510372524,5.86679342810241e-05,5.50476004716868e-06,2.37674448399792e-05,3.2611536942632e-05,5.15512966689348e-05,1.0696433141226e-05,0.000104967817601966,1.31352874097398e-05,9.55543571395229e-05,1.34566168188531e-05,6.8974170678449e-05,4.58942196856817e-05,1.49953162586385e-05,3.3208785023703e-05,6.493930592386e-05,1.40245388873854e-05,2.51955802277039e-05,1.95702725062983e-05,1.72517623079124e-05,6.98544705961265e-05,1.71895998671614e-05,8.86766384181897e-05,0.000243657818519922,3.41571027554753e-05,1.98860695003098e-05,0.000107309468460473,4.15943536518805e-05
1.29606933757896e-05,0,3.10314356603903e-05,1.5606697273212e-05,0.000134679161448238,1.0961490587089e-05,1.17814464593346e-05,2.46559801928275e-05,4.42062152464599e-05,2.41913626367426e-05,4.38841697125491e-05,1.1092829279107e-05,0.000276913067405482,5.02709076560874e-05,2.07860698707485e-05,2.87973158548016e-05,3.22838887853059e-05,5.69378750620307e-05,3.70322174422613e-06,6.00479839948496e-05,6.67697209061349e-06,2.88413364673506e-05,1.85389896104922e-05,1.0965148440221e-05,1.77975055702179e-05,4.69943558745128e-06,2.57338182212989e-05,4.96227023810962e-05,2.77531778167983e-05,8.66290059348538e-05,1.14304048919586e-05,6.05515250399252e-05,1.12773226852572e-05,1.1162061697025e-05,2.23209499782808e-05,4.30689599222944e-05,8.24264486235293e-05,3.56253551735197e-05,1.30737357813161e-05,2.06283258320324e-06,0.000427792305729931,3.57075831502619e-05,2.80539923567142e-05,2.32312779916318e-05,9.23999818650578e-05,5.17685913991406e-05,4.78438764675629e-06,2.13962854273183e-05,2.83716639126954e-05,4.49860330258917e-05,9.24784607178604e-06,9.52071208627372e-05,1.14249707684956e-05,8.55607513411718e-05,1.14429370759139e-05,5.97879675058942e-05,4.01219238391844e-05,1.27967429221623e-05,2.86593073730034e-05,5.84944144342701e-05,1.23157598082063e-05,2.16369525050799e-05,1.73439879484934e-05,1.4923282529013e-05,6.14712469256191e-05,1.44525919538125e-05,7.8318665514565e-05,0.000217268886525586,3.01167336691099e-05,1.71407840268021e-05,9.52721407818466e-05,3.74202938949956e-05
3.58732747700634e-05,3.10314356603903e-05,0,4.4578873953555e-05,0.000379236011463873,3.12029475493789e-05,3.34881368821895e-05,6.93414724912259e-05,0.00012538394582735,6.86308941505433e-05,0.000124730910220392,3.14546654156816e-05,0.000779799644624485,0.000141962515721506,5.90627437110206e-05,8.1609792542017e-05,9.16468011197585e-05,0.000160617335007569,1.05465524336191e-05,0.000169662559886666,1.8965280448251e-05,8.13881659588698e-05,5.21649875370216e-05,3.09806469664223e-05,5.05668988848676e-05,1.33749294461247e-05,7.36796722641845e-05,0.000140209919633887,7.92815865755402e-05,0.00024391732950902,3.22605796252322e-05,0.000170487999028194,3.19691519368279e-05,3.15347590596941e-05,6.34967216652221e-05,0.000121457581000406,0.000233116749355585,0.000101504876789777,3.72301627612734e-05,5.78567053021435e-06,0.00119959103201327,0.000101542866508198,7.9690725522317e-05,6.5817190675554e-05,0.000259920247399329,0.000146263498067491,1.35556947908293e-05,6.02298867142325e-05,8.03711213090366e-05,0.00012736355347576,2.62279864565255e-05,0.000267640451840702,3.23659763454211e-05,0.000241087113038701,3.25556581459371e-05,0.00016948314254158,0.00011355401350673,3.63826711884827e-05,8.13090201270892e-05,0.000164642693556514,3.48272340867649e-05,6.1443163600229e-05,4.89632005884668e-05,4.23199986966349e-05,0.000173764810580529,4.12076673237531e-05,0.000221239482590019,0.000612672082270805,8.51021014917323e-05,4.86411480337247e-05,0.000268870971888488,0.000105349519139836
1.87368506795281e-05,1.5606697273212e-05,4.4578873953555e-05,0,0.000170231872079805,1.25792305461848e-05,1.37051753110494e-05,3.14902610306135e-05,5.24463052282855e-05,2.8640330065871e-05,5.10785700526435e-05,1.31922333727995e-05,0.000349806195933804,6.1999704901147e-05,2.42580464928813e-05,3.44272994498847e-05,3.80038373132761e-05,7.08746395159094e-05,4.23088636581177e-06,7.3716854587001e-05,7.81893839261317e-06,3.57910748766466e-05,2.35766818314357e-05,1.34643256916727e-05,2.07853046001316e-05,5.4023331386397e-06,2.79196347072166e-05,6.09053608981775e-05,3.07911055825333e-05,0.000109560922698659,1.41665913680398e-05,7.65960062518118e-05,1.34445409889354e-05,1.37146113083805e-05,2.57741950223785e-05,5.37496032138198e-05,0.000100337965474,4.0527706828577e-05,1.49481783969713e-05,2.69425105044254e-06,0.000559675034948295,4.13643512169357e-05,3.28289650686334e-05,2.78442169368816e-05,0.000117791323933225,6.35756779345564e-05,5.73103442066794e-06,2.71155739971418e-05,3.40410554341321e-05,5.42505535721282e-05,1.09794779570013e-05,0.000122037094461493,1.37028092908853e-05,0.00010753739975017,1.31989944333872e-05,7.12957630217964e-05,4.85299029610232e-05,1.48537482153471e-05,3.39203462807742e-05,7.41957244307213e-05,1.50068514845425e-05,2.53923881720376e-05,2.14485484958692e-05,1.77335247341479e-05,7.51579644710558e-05,1.63320895680379e-05,9.63205334436465e-05,0.000271307790115911,3.69390861144365e-05,2.02448690863248e-05,0.000118154244747241,4.73755097875384e-05
0.00014986055080008,0.000134679161448238,0.000379236011463873,0.000170231872079805,0,0.000161552952055434,0.000171666880861419,0.000329343688096538,0.000633240822307191,0.000347176599719241,0.000639128049162848,0.000158563720775925,0.00374003854150016,0.000694993092049158,0.000302042855422629,0.000409720412028989,0.000465629412340366,0.000780212659070165,5.47798821307432e-05,0.000833793664040006,9.67389960544528e-05,0.000396378817490103,0.000248712093944508,0.000152222519944507,0.000258456074084298,6.91619006878503e-05,0.000396444722033962,0.000689173286236932,0.000420303669368893,0.00116866202326141,0.000157286294553907,0.000816698915604349,0.000160850763608212,0.000154865750613547,0.000327277015118587,0.000588692158990925,0.00115359947552179,0.000528840400211407,0.000193269740209475,2.69190398652306e-05,0.00557252363696037,0.000522144717605252,0.000406704964965229,0.000329770456350828,0.00123658860867367,0.000718586813438274,6.79509757803553e-05,0.000288054754649937,0.000402358003194749,0.000635046685442244,0.000132389310283413,0.00126704842228741,0.000162080504343718,0.00116141464372797,0.000167932037292804,0.000852574837227831,0.000564835493426181,0.000186807114099902,0.000411399942324775,0.000786802334143804,0.000172206993416984,0.00031290145572632,0.00023916173429162,0.000213467682059073,0.000856817813465223,0.000215705909051,0.00108563672580727,0.00296807125909783,0.000418538295368222,0.000246505692381079,0.00131016616996673,0.000504287836864329
1.29273303852262e-05,1.0961490587089e-05,3.12029475493789e-05,1.25792305461848e-05,0.000161552952055434,0,1.06760235844988e-05,2.32501008404745e-05,4.03886943678961e-05,2.20827612539848e-05,3.97759442912099e-05,1.01451223596619e-05,0.000259875110474596,4.66917299601093e-05,1.88609508944269e-05,2.6395173513404e-05,2.93997031844189e-05,5.30948755865068e-05,3.33086493287901e-06,5.56624848811027e-05,6.06719884641859e-06,2.68592223821498e-05,1.74492442520554e-05,1.01653493747741e-05,1.6154027243402e-05,4.23766848889348e-06,2.26677650051857e-05,4.59943718448541e-05,2.4666455273198e-05,8.13402979307424e-05,1.06389957199719e-05,5.68599017090851e-05,1.03244905589284e-05,1.03506361348666e-05,2.0164768421481e-05,4.02068197318386e-05,7.61314378415464e-05,3.19871252650776e-05,1.17629395479025e-05,1.96447775685582e-06,0.000407699149788195,3.23010968429387e-05,2.54845014793171e-05,2.13164164499089e-05,8.70600498754349e-05,4.79951472997766e-05,4.38893932110717e-06,2.01079347917228e-05,2.60446514875477e-05,4.13852311693633e-05,8.45176102612198e-06,8.99205893163435e-05,1.04862364715126e-05,8.01199370259163e-05,1.03329576815335e-05,5.47422223913951e-05,3.69573824009281e-05,1.15855512230761e-05,2.61581642887744e-05,5.49934487995034e-05,1.13799812812207e-05,1.96787022256294e-05,1.61278676258012e-05,1.3643771120084e-05,5.68828808900856e-05,1.29413018396078e-05,7.26550240540019e-05,0.00020288156021998,2.79064917109341e-05,1.56311508287954e-05,8.87003056406622e-05,3.51517860574667e-05
1.37884564124937e-05,1.17814464593346e-05,3.34881368821895e-05,1.37051753110494e-05,0.000171666880861419,1.06760235844988e-05,0,2.55046933902725e-05,4.50265291811042e-05,2.46297222835877e-05,4.45262528226053e-05,1.13041984276555e-05,0.000285769937421188,5.16158953381634e-05,2.11014315732164e-05,2.9377503315698e-05,3.28309238805794e-05,5.85752733488995e-05,3.74352131616091e-06,6.15949609947937e-05,6.78293749814162e-06,2.96515474256858e-05,1.91594906849862e-05,1.1248186235165e-05,1.80701455139361e-05,4.75638857134237e-06,2.57550421944624e-05,5.0898815707653e-05,2.78950126516809e-05,8.9422180498983e-05,1.1748343239531e-05,6.2506608924438e-05,1.14979733728471e-05,1.14516709901102e-05,2.2611528146092e-05,4.43317406901222e-05,8.44011557316585e-05,3.59826523016264e-05,1.3218020886339e-05,2.14426018517179e-06,0.000444843173969665,3.61955730539027e-05,2.8495174377761e-05,2.37117556057307e-05,9.55420636638333e-05,5.31062563541211e-05,4.88276353559775e-06,2.20958410627853e-05,2.89647135366205e-05,4.59744467254898e-05,9.42082531452627e-06,9.85612668723645e-05,1.1662885680369e-05,8.82019459691211e-05,1.15894056594859e-05,6.09609026949678e-05,4.1028832707669e-05,1.29768272462262e-05,2.91769602890875e-05,6.04183679525881e-05,1.26134009323532e-05,2.19899318219079e-05,1.78181538352109e-05,1.52051969909413e-05,6.30013879719918e-05,1.45784403557168e-05,8.03667403102757e-05,0.000223666913965931,3.08868135554627e-05,1.74429606079994e-05,9.79354299660465e-05,3.86354944887813e-05
2.72489276677566e-05,2.46559801928275e-05,6.93414724912259e-05,3.14902610306135e-05,0.000329343688096538,2.32501008404745e-05,2.55046933902725e-05,0,0.000118774015655274,6.51337197647042e-05,0.000120130440271616,2.9732946944329e-05,0.0006960580679146,0.00012975325490401,5.67557687385387e-05,7.67822689074616e-05,8.7412123505019e-05,0.000145490539640286,1.03164095820474e-05,0.0001557573330072,1.81711401728702e-05,7.39443014393353e-05,4.62450155239606e-05,2.84351883947278e-05,4.85617424311842e-05,1.30166564224607e-05,7.50272997788471e-05,0.000128744888001722,7.93807066725045e-05,0.000217464753678519,2.93465344286241e-05,0.000151967172308398,3.01533753879126e-05,2.89267027557051e-05,6.15668074610902e-05,0.00010973958881479,0.000215723580483502,9.96368441931421e-05,3.63946206434362e-05,4.98590656892418e-06,0.0010318718593061,9.81918728518461e-05,7.6399984640589e-05,6.17812025879494e-05,0.000229851409841672,0.000134230010783612,1.27312245240273e-05,5.3586207405869e-05,7.53709694733083e-05,0.000118887830352249,2.48296474770397e-05,0.000235330417479458,3.03627646620211e-05,0.000216298853362455,3.15946607927511e-05,0.000159820533837108,0.00010570581228906,3.51225302532416e-05,7.71851101685196e-05,0.000146349306668221,3.21988875801815e-05,5.87605179840039e-05,4.46354478125533e-05,4.00318395521643e-05,0.000160139174267815,4.06673371224165e-05,0.000202757108963513,0.000553243131996698,7.81940668206405e-05,4.62591976032826e-05,0.000244430959488742,9.38244804621445e-05
5.11520711360207e-05,4.42062152464599e-05,0.00012538394582735,5.24463052282855e-05,0.000633240822307191,4.03886943678961e-05,4.50265291811042e-05,0.000118774015655274,0,9.73601149621053e-05,0.000176876162200496,4.46263207318015e-05,0.0011079243619408,0.000201580551025465,8.3759592163122e-05,0.000115797822059578,0.000129993795606807,0.000228120206227169,1.49495404382527e-05,0.000240886935095321,2.68975982462953e-05,0.000115584753869844,7.41272783459144e-05,4.39865685377527e-05,7.17124142581151e-05,1.89612715535516e-05,0.000104325587054451,0.000199069045194167,0.000112309620296201,0.000346563035226118,4.58139996667049e-05,0.000242234267735067,4.53587900246257e-05,4.47739688150399e-05,9.0026400265582e-05,0.000172513494830291,0.000330913152819288,0.000143867885099247,5.27739463647802e-05,8.22704527718187e-06,0.0017058558086101,0.000143978884442851,0.000113019945886955,9.33948687711583e-05,0.000369372845691127,0.000207666713137353,1.92353226843707e-05,8.55802411689925e-05,0.000114049733345684,0.00018075511535335,3.7209528537943e-05,0.000380396007260773,4.59281794469096e-05,0.000342489457607479,4.61566864447774e-05,0.000240469167546818,0.000161167775206046,5.15897286997312e-05,0.000115344620375264,0.000233944807267206,4.9438995308057e-05,8.71462797260452e-05,6.95301081878711e-05,6.00404225594883e-05,0.000246687552975474,5.83972391075891e-05,0.00031412934296235,0.000870227292422409,0.00012082539726255,6.89988348589728e-05,0.000381835741061883,0.00014968673607841
2.80269270518695e-05,2.41913626367426e-05,6.86308941505433e-05,2.8640330065871e-05,0.000347176599719241,2.20827612539848e-05,2.46297222835877e-05,6.51337197647042e-05,9.73601149621053e-05,0,9.62146663277572e-05,2.42907425044667e-05,0.000604193986106299,0.000109845870159729,4.55659466743656e-05,6.30403746484646e-05,7.07358727843257e-05,0.000124344202829771,8.12765838862637e-06,0.000131245855565168,1.46340032150011e-05,6.29970561190504e-05,4.04332485636275e-05,2.39660009713185e-05,3.90130045903375e-05,1.03105542087036e-05,5.66371728554164e-05,0.000108460891822298,6.1009030493855e-05,0.000189001362604268,2.49689548126372e-05,0.000132105577426166,2.46912598703487e-05,2.43954862873404e-05,4.89599288810589e-05,9.40416979632054e-05,0.000180248822142387,7.82073993793695e-05,2.86923754886502e-05,4.49145047961232e-06,0.000931342807865312,7.83087521007023e-05,6.14887498581684e-05,5.08481393469866e-05,0.000201492811696115,0.000113147289725937,1.04723492671072e-05,4.66750695273216e-05,6.20955111657152e-05,9.84291629097296e-05,2.02526551882892e-05,0.000207543153526468,2.50057720522237e-05,0.000186742325868227,2.51010517544409e-05,0.000130901462725078,8.77710494659984e-05,2.80608025631213e-05,6.27746923486117e-05,0.000127596062347496,2.69303082995434e-05,4.74161533802092e-05,3.78917778241384e-05,3.26800813190779e-05,0.000134389285363562,3.17390441894129e-05,0.000171161240587771,0.000474392891257487,6.58291822554956e-05,3.75493016710063e-05,0.000208107417741868,8.16358047221596e-05
5.13435502693617e-05,4.38841697125491e-05,0.000124730910220392,5.10785700526435e-05,0.000639128049162848,3.97759442912099e-05,4.45262528226053e-05,0.000120130440271616,0.000176876162200496,9.62146663277572e-05,0,4.21687699894093e-05,0.001065455879682,0.000192484418098267,7.87288154610558e-05,0.000109583726358875,0.000122482039648142,0.000218419095283587,1.39694885487895e-05,0.000229707412590735,2.53061864047527e-05,0.000110569563413369,7.1429313275689e-05,4.19480210101805e-05,6.74187686808878e-05,1.77482403966523e-05,9.61502431793124e-05,0.000189818411852336,0.000104120017112596,0.000333395388804698,4.38096506086265e-05,0.000233044827959261,4.28906729310554e-05,4.27066288581115e-05,8.43705940528027e-05,0.000165303108057218,0.000314782568131755,0.000134279458498793,4.9324689152888e-05,7.99216336445056e-06,0.00165801063328874,0.000135053189217446,0.000106312159367558,8.84474152955245e-05,0.000356186755545757,0.000198049704732483,1.82133002651121e-05,8.23790509911022e-05,0.000108040498482871,0.000171480456726648,3.51435857264528e-05,0.000367424270117273,4.35035634243686e-05,0.000328864389982105,4.32440594561016e-05,0.000227400872909796,0.000153029761091182,4.84183981175619e-05,0.000108845127880285,0.000225253642912964,4.70425328192195e-05,8.20398184620527e-05,6.64453163728913e-05,5.67212543316343e-05,0.000234960904104807,5.44066477154776e-05,0.000299708625582856,0.000833999395460982,0.000115187782023792,6.50724279070403e-05,0.000365199733746474,0.000144044494111794
1.28176369162525e-05,1.1092829279107e-05,3.14546654156816e-05,1.31922333727995e-05,0.000158563720775925,1.01451223596619e-05,1.13041984276555e-05,2.9732946944329e-05,4.46263207318015e-05,2.42907425044667e-05,4.21687699894093e-05,0,0.000279121322468387,5.0828572290021e-05,2.11602240149206e-05,2.92302343573524e-05,3.28308817555913e-05,5.7501493360947e-05,3.77934861852731e-06,6.07496388588895e-05,6.79438145323808e-06,2.91382684875313e-05,1.86704055316551e-05,1.10929416124086e-05,1.81163074800461e-05,4.79258095693884e-06,2.64172119030039e-05,5.02039008417067e-05,2.84192651492316e-05,8.73064810557329e-05,1.15499766706382e-05,6.10234302189488e-05,1.14507723236977e-05,1.12912660563134e-05,2.27514041690287e-05,4.34808440141281e-05,8.3478330638509e-05,3.63758750237383e-05,1.33412926431387e-05,2.07006403949118e-06,0.000429195180166467,3.63823833343975e-05,2.85496981540059e-05,2.35731012074485e-05,9.30254747506398e-05,5.23711121245535e-05,4.85515060590795e-06,2.15578347566247e-05,2.87854085248362e-05,4.56133794109495e-05,9.39483419687774e-06,9.5782084825111e-05,1.15921227212174e-05,8.62999465904269e-05,1.16650972422435e-05,6.07056252671719e-05,4.06663050602084e-05,1.30354722504721e-05,2.91257994910581e-05,5.89292355821162e-05,1.24713765350241e-05,2.20116963990852e-05,1.75303348541193e-05,1.51588173790596e-05,6.22214438175957e-05,1.47684521353061e-05,7.92156750108497e-05,0.000219330188567555,3.04721141102587e-05,1.74242009466388e-05,9.62608423355298e-05,3.77077758761825e-05
0.000308245717793175,0.000276913067405482,0.000779799644624485,0.000349806195933804,0.00374003854150016,0.000259875110474596,0.000285769937421188,0.0006960580679146,0.0011079243619408,0.000604193986106299,0.001065455879682,0.000279121322468387,0,0.00142737250419042,0.000620101975335958,0.000841298055146587,0.000956001912328089,0.00160250568884224,0.000112450001818995,0.00171238288595144,0.000198611989073443,0.00081411748229283,0.000510923196487545,0.000312623725679875,0.000530619556104014,0.000141978073883772,0.00081357333275924,0.00141537019641856,0.000862638812818778,0.00240064849102844,0.000323045279232182,0.00167765370479528,0.000330276251082766,0.000318053615581553,0.000671864339257694,0.00120915866291128,0.00236903346280395,0.00108555554393439,0.000396738375325903,5.53114152304013e-05,0.0114502105588983,0.00107192767499731,0.000834990287514046,0.000677144713534996,0.00254034293420396,0.00147578353043507,0.000139528765597382,0.000591727425861579,0.000826200550687686,0.00130404779628062,0.000271828672614415,0.00260303294830569,0.000332814702864776,0.00238564507273043,0.000344744050157277,0.00175060219257878,0.00115989532880354,0.000383507064005824,0.000844690822749457,0.0016162753013434,0.000353646983847454,0.000642417589482415,0.000491198655254048,0.000438305628568782,0.00175961687684151,0.000442764376015978,0.00222962843233824,0.00609636953008445,0.000859556990815458,0.000506121284845746,0.00269092118948854,0.00103590926560163
5.68199742412118e-05,5.02709076560874e-05,0.000141962515721506,6.1999704901147e-05,0.000694993092049158,4.66917299601093e-05,5.16158953381634e-05,0.00012975325490401,0.000201580551025465,0.000109845870159729,0.000192484418098267,5.0828572290021e-05,0.00142737250419042,0,0.000105827125233914,0.000144533445869329,0.000163534251724199,0.000278650512539053,1.90847398936291e-05,0.000296483353953443,3.39264263207212e-05,0.000141426405039809,8.94598683216565e-05,5.41317681265594e-05,9.05734985483375e-05,2.41343254028753e-05,0.000136379620842271,0.000245042361565809,0.000145353977449745,0.000419572084700819,5.60962248209212e-05,0.000293230708102607,5.66960986929161e-05,5.50823395451944e-05,0.000114339876221952,0.000210425099482155,0.000409136861589878,0.000184038442237175,6.73467349512622e-05,9.77427502705452e-06,0.00202462300744815,0.000182577091296346,0.00014260401610256,0.000116416975134453,0.000445157728276529,0.000255546269469824,2.39842130078339e-05,0.000103488451207898,0.000142085850665788,0.000224592589516607,4.66086594836054e-05,0.0004569881871595,5.72296327295083e-05,0.000416105001598135,5.86530641602301e-05,0.000300534528099253,0.000199939993364489,6.53557184519128e-05,0.000144708784111402,0.00028275632981524,6.10935332199538e-05,0.000109800466443405,8.52376175784021e-05,7.51722027170286e-05,0.000304287717100179,7.4938668803916e-05,0.000386252096729403,0.00106112370378234,0.000148783857167118,8.66563450521211e-05,0.00046736728574465,0.000181112742460531
2.42824579234766e-05,2.07860698707485e-05,5.90627437110206e-05,2.42580464928813e-05,0.000302042855422629,1.88609508944269e-05,2.11014315732164e-05,5.67557687385387e-05,8.3759592163122e-05,4.55659466743656e-05,7.87288154610558e-05,2.11602240149206e-05,0.000620101975335958,0.000105827125233914,0,5.22554720114285e-05,5.84427551572151e-05,0.000103980239381298,6.67358102907264e-06,0.000109417402864253,1.20774868339342e-05,5.26443137347796e-05,3.39737958698229e-05,1.99810753901044e-05,3.21794047731921e-05,8.47670603989972e-06,4.6025986648412e-05,9.04177273632301e-05,4.97980687064946e-05,0.000158609461492155,2.08597464749094e-05,0.000110867745141529,2.0454939381074e-05,2.03418969755476e-05,4.02889072919538e-05,7.86854126816654e-05,0.000149994065949816,6.41595583527416e-05,2.35629280228259e-05,3.79695686354689e-06,0.000787639477011188,6.44827623238247e-05,5.07393936902448e-05,4.21721189259621e-05,0.000169395129399808,9.43363622548609e-05,8.68439627282209e-06,3.9187605645119e-05,5.15119729925574e-05,8.17421001087611e-05,1.67631054252935e-05,0.000174698644337231,2.07421264873443e-05,0.000156495088986029,2.06509329089714e-05,0.00010844829645086,7.2937942494813e-05,2.3116087211713e-05,5.19244608758869e-05,0.00010714882481841,2.2414874660048e-05,3.91504584264592e-05,3.16404998006191e-05,2.70544295769362e-05,0.000111938688713618,2.60026739369209e-05,0.000142750625102759,0.000396979667257655,5.4869882167787e-05,3.10453720106151e-05,0.000173883308172012,6.85246689722553e-05
3.31720309715987e-05,2.87973158548016e-05,8.1609792542017e-05,3.44272994498847e-05,0.000409720412028989,2.6395173513404e-05,2.9377503315698e-05,7.67822689074616e-05,0.000115797822059578,6.30403746484646e-05,0.000109583726358875,2.92302343573524e-05,0.000841298055146587,0.000144533445869329,5.22554720114285e-05,0,8.64279152833981e-05,0.000150742669113077,9.97028259661461e-06,0.000159427760448202,1.7893066105689e-05,7.64053766390639e-05,4.88627324918838e-05,2.91111610576985e-05,4.77186529196485e-05,1.26378334254425e-05,6.99330407197366e-05,0.000131754318213018,7.51224180019433e-05,0.000228592490531086,3.02889616828959e-05,0.000159773592558718,3.01166494191337e-05,2.96302251608834e-05,5.9975746661115e-05,0.000113964051119919,0.000219215966662362,9.59913266617612e-05,3.51936793581174e-05,5.4058786584702e-06,0.00112066729721152,9.58871726287207e-05,7.51896845870839e-05,6.19751670955874e-05,0.000243412229839385,0.000137435890876842,1.27650298269656e-05,5.64351975792109e-05,7.56727528879501e-05,0.000119865909388104,2.47167946339597e-05,0.000250514706434647,3.04749013803037e-05,0.000226068375286688,3.07530948016178e-05,0.000159658738778704,0.000106841768759426,3.43506109090757e-05,7.66441551131931e-05,0.000154257128785693,3.27476638416291e-05,5.79590268982022e-05,4.59797755364826e-05,3.98786099080047e-05,0.000163340736549767,3.89899411593608e-05,0.00020786025639511,0.000574842052658368,7.99746690045048e-05,4.58585468416049e-05,0.000252424295332028,9.87211663063043e-05
3.7526891177345e-05,3.22838887853059e-05,9.16468011197585e-05,3.80038373132761e-05,0.000465629412340366,2.93997031844189e-05,3.28309238805794e-05,8.7412123505019e-05,0.000129993795606807,7.07358727843257e-05,0.000122482039648142,3.28308817555913e-05,0.000956001912328089,0.000163534251724199,5.84427551572151e-05,8.64279152833981e-05,0,0.000164167748357517,1.06544836739246e-05,0.000173072739151278,1.92217584382073e-05,8.31509492727741e-05,5.34833171224711e-05,3.16043916649988e-05,5.12323262591543e-05,1.35227039043273e-05,7.39488088130604e-05,0.000143023784587997,7.9792829472604e-05,0.00024988012157247,3.29533180334607e-05,0.000174660921410401,3.24797699799018e-05,3.21724681918208e-05,6.42358256436697e-05,0.000124188185915566,0.00023752135917226,0.000102486718991234,3.76149534649369e-05,5.95537104471528e-06,0.00123508899420199,0.000102768261349101,8.07608265946434e-05,6.69172496352403e-05,0.000266582805723186,0.000149210913275494,1.37811477270609e-05,6.1720605792589e-05,8.17262049465903e-05,0.000129601520696927,2.66319159464424e-05,0.000274722062525199,3.29099784415525e-05,0.000246758021059709,3.29299246234108e-05,0.000172196076024238,0.000115597152658003,3.6831477832373e-05,8.25266007827017e-05,0.000168739411835275,3.54901690659232e-05,6.22920944434458e-05,4.99990048996606e-05,4.29769800108105e-05,0.000177156405704564,4.15704898461303e-05,0.000225743767149335,0.00062649857754754,8.68016762610148e-05,4.93555737899857e-05,0.00027466960287337,0.00010794129413593
6.39820576946136e-05,5.69378750620307e-05,0.000160617335007569,7.08746395159094e-05,0.000780212659070165,5.30948755865068e-05,5.85752733488995e-05,0.000145490539640286,0.000228120206227169,0.000124344202829771,0.000218419095283587,5.7501493360947e-05,0.00160250568884224,0.000278650512539053,0.000103980239381298,0.000150742669113077,0.000164167748357517,0,2.21924477021272e-05,0.000342042097254846,3.93495411201495e-05,0.000162945007390864,0.000102752618936858,6.24481183784818e-05,0.000105081878028037,2.80465853796425e-05,0.000159375153358915,0.00028270375783011,0.000169510636117137,0.00048226143182357,6.46416367163878e-05,0.000337034208462973,6.56302680617576e-05,6.35400050904796e-05,0.000132813572100912,0.00024227299464078,0.000472479131986286,0.000214099254984602,7.8307130288661e-05,1.11863537734874e-05,0.0023165759663705,0.000212004863764492,0.000165411622026526,0.00013468099388522,0.000511142471092191,0.000294801766554073,2.77488178805315e-05,0.000118919571530771,0.000164357352928888,0.000259646126060197,5.39780961700249e-05,0.00052434684348239,6.6203020462257e-05,0.000478656986155572,6.81371822693542e-05,0.000347882874290308,0.000231066111956432,7.58737943935864e-05,0.000167646429873586,0.000324880840483835,7.05437898594889e-05,0.000127322376299907,9.82486362732908e-05,8.70492588576538e-05,0.000351215698035132,8.72371573670075e-05,0.000445508432844,0.00122163607034043,0.000171664985236955,0.000100415208660485,0.000538521122660756,0.000208145224918674
4.37815532415737e-06,3.70322174422613e-06,1.05465524336191e-05,4.23088636581177e-06,5.47798821307432e-05,3.33086493287901e-06,3.74352131616091e-06,1.03164095820474e-05,1.49495404382527e-05,8.12765838862637e-06,1.39694885487895e-05,3.77934861852731e-06,0.000112450001818995,1.90847398936291e-05,6.67358102907264e-06,9.97028259661461e-06,1.06544836739246e-05,2.21924477021272e-05,0,1.86245454612931e-05,2.02302446946279e-06,8.99420449769415e-06,5.85373046929722e-06,3.40136110043947e-06,5.38527251846522e-06,1.41107476755017e-06,7.51610887410055e-06,1.53893744596808e-05,8.19218684954143e-06,2.72761965767104e-05,3.56229259658735e-06,1.9067363336044e-05,3.44708777500587e-06,3.46351652035907e-06,6.71673807936585e-06,1.34694649402191e-05,2.54575344661112e-05,1.06430186563341e-05,3.91530701757205e-06,6.60330250728395e-07,0.00013705866160854,1.07617900602401e-05,8.49702432581945e-06,7.11983209035242e-06,2.9211376404353e-05,1.6059498770139e-05,1.46587937704891e-06,6.74389465501806e-06,8.69977189347316e-06,1.38292123384661e-05,2.8209770562653e-06,3.01834175252486e-05,3.50265063429015e-06,2.68545745917977e-05,3.44156238073537e-06,1.82774355594717e-05,1.23523313186956e-05,3.86053751223004e-06,8.72892238522807e-06,1.8445184282858e-05,3.80562759026108e-06,6.56263083128776e-06,5.39926503534083e-06,4.55423075352185e-06,1.90271760974108e-05,4.30382578268117e-06,2.43134619147073e-05,6.7969152712714e-05,9.33682808828452e-06,5.2152771290477e-06,2.97012127866382e-05,1.17885094156702e-05
6.80659348728396e-05,6.00479839948496e-05,0.000169662559886666,7.3716854587001e-05,0.000833793664040006,5.56624848811027e-05,6.15949609947937e-05,0.0001557573330072,0.000240886935095321,0.000131245855565168,0.000229707412590735,6.07496388588895e-05,0.00171238288595144,0.000296483353953443,0.000109417402864253,0.000159427760448202,0.000173072739151278,0.000342042097254846,1.86245454612931e-05,0,4.00418863618226e-05,0.000167488236501664,0.000106112086736647,6.40652966710698e-05,0.000106884132455777,2.8456243867939e-05,0.000160338165690698,0.000290001238016049,0.000171073115112696,0.000497491349161686,6.64282417110541e-05,0.000347691598761076,6.69831752415936e-05,6.51927579355055e-05,0.000134847640338085,0.000249290308551796,0.000483962038655061,0.000216876787136489,7.93844557964441e-05,1.1614722777325e-05,0.00240613301703967,0.000215360814127776,0.000168302807396266,0.000137582289252101,0.000528104209877969,0.000302442937496967,2.83437280247637e-05,0.000122723801975594,0.000167928140731406,0.000265519760586364,5.50524659078107e-05,0.00054233749914381,6.76369550566747e-05,0.000493181450359889,6.91689776858486e-05,0.000355069432361787,0.000236416427755618,7.70993858177664e-05,0.000170894835142289,0.000335331579632055,7.22709354334731e-05,0.000129608183465876,0.000100923236016792,8.8795213238818e-05,0.000360032436978855,8.82798140095965e-05,0.000457175748668949,0.00125715821227231,0.000176074488573079,0.000102325359224374,0.00055347103520307,0.000214762077630459
7.78482417309557e-06,6.67697209061349e-06,1.8965280448251e-05,7.81893839261317e-06,9.67389960544528e-05,6.06719884641859e-06,6.78293749814162e-06,1.81711401728702e-05,2.68975982462953e-05,1.46340032150011e-05,2.53061864047527e-05,6.79438145323808e-06,0.000198611989073443,3.39264263207212e-05,1.20774868339342e-05,1.7893066105689e-05,1.92217584382073e-05,3.93495411201495e-05,2.02302446946279e-06,4.00418863618226e-05,0,1.70235431641298e-05,1.09715935633981e-05,6.46489383809892e-06,1.04388599015795e-05,2.75200440910725e-06,1.49853326364624e-05,2.92554251002273e-05,1.61958292732452e-05,5.12371425494587e-05,6.74585346696402e-06,3.58142857450815e-05,6.62846516683347e-06,6.58141857597373e-06,1.30770706762061e-05,2.54367457844912e-05,4.85529663919998e-05,2.08407200219576e-05,7.651919835687e-06,1.22440490368228e-06,0.000253966877291548,2.09265777685064e-05,1.64579590324362e-05,1.36621656982145e-05,5.46977524456399e-05,3.05224113460323e-05,2.81349987088019e-06,1.26577515239754e-05,1.66870136551491e-05,2.6472873053927e-05,5.43328096321957e-06,5.63933885285364e-05,6.71943407860329e-06,5.05711464878328e-05,6.70330020816669e-06,3.51424343101118e-05,2.36178730489516e-05,7.5010913158482e-06,1.68325344264892e-05,3.46078260863235e-05,7.25530605203418e-06,1.26970752003529e-05,1.02334584596764e-05,8.76851987402809e-06,3.62260926077703e-05,8.44917033935474e-06,4.6183225187271e-05,0.000128328152515427,1.77542642699485e-05,1.00651761531077e-05,5.6230385887141e-05,2.21349330517283e-05
3.24723349195047e-05,2.88413364673506e-05,8.13881659588698e-05,3.57910748766466e-05,0.000396378817490103,2.68592223821498e-05,2.96515474256858e-05,7.39443014393353e-05,0.000115584753869844,6.29970561190504e-05,0.000110569563413369,2.91382684875313e-05,0.00081411748229283,0.000141426405039809,5.26443137347796e-05,7.64053766390639e-05,8.31509492727741e-05,0.000162945007390864,8.99420449769415e-06,0.000167488236501664,1.70235431641298e-05,0,5.18079852838315e-05,3.14411152111809e-05,5.28081518551053e-05,1.4086996203053e-05,7.99039762536666e-05,0.000142331993992,8.50428948209786e-05,0.000243099402657034,3.25575186662442e-05,0.000169894408800255,3.30062691434837e-05,3.19916326388027e-05,6.67185039414547e-05,0.000122057890163945,0.000237801539488845,0.000107498630719469,3.93243433564433e-05,5.64685465281116e-06,0.00116949413219272,0.000106511642248635,8.31322106739075e-05,6.77460587758152e-05,0.000257745271077012,0.000148426300268252,1.39576654688003e-05,5.99504295432758e-05,8.2676832531876e-05,0.000130634846654655,2.71421618854549e-05,0.000264466628863405,3.33016987057561e-05,0.000241219343376301,3.42272619231311e-05,0.000174956210556046,0.00011626862496808,3.81217591965891e-05,8.42893209091238e-05,0.000163787008673541,3.55064573946494e-05,6.39958536282115e-05,4.94797161298726e-05,4.37729737856671e-05,0.000176798904972348,4.37920213011129e-05,0.000224316628719662,0.000615478821081098,8.64253316174623e-05,5.04829999502647e-05,0.000271239491468563,0.00010492694232186
2.0546476980183e-05,1.85389896104922e-05,5.21649875370216e-05,2.35766818314357e-05,0.000248712093944508,1.74492442520554e-05,1.91594906849862e-05,4.62450155239606e-05,7.41272783459144e-05,4.04332485636275e-05,7.1429313275689e-05,1.86704055316551e-05,0.000510923196487545,8.94598683216565e-05,3.39737958698229e-05,4.88627324918838e-05,5.34833171224711e-05,0.000102752618936858,5.85373046929722e-06,0.000106112086736647,1.09715935633981e-05,5.18079852838315e-05,0,2.12044692940726e-05,3.61272884482167e-05,9.67711374203617e-06,5.56533226961942e-05,9.60044485955497e-05,5.89311873732308e-05,0.000162422088851269,2.18945819113772e-05,0.000113503940937559,2.24533698783264e-05,2.1571679836042e-05,4.577989948885e-05,8.19035651880913e-05,0.00016079745443579,7.40420735366808e-05,2.70511648903596e-05,3.73100317386828e-06,0.000772240203179307,7.30236176997467e-05,5.68423987765358e-05,4.60162417345016e-05,0.000171750835962673,0.000100097607312817,9.48228567214246e-06,4.00275638658737e-05,5.61410458082438e-05,8.85767179464518e-05,1.84855610839376e-05,0.000175900744059722,2.26156985199125e-05,0.000161495507613349,2.34921088970235e-05,0.000119009978776033,7.87669807002609e-05,2.61222878405886e-05,5.74558228530314e-05,0.000109324727890465,2.40018001903595e-05,4.37240034870181e-05,3.3297373873646e-05,2.98047700490141e-05,0.000119391750522217,3.02125469545095e-05,0.000151210628584883,0.000412923069560631,5.83069161123032e-05,3.44315961986693e-05,0.000182368930667723,7.00806045529988e-05
1.24274752766081e-05,1.0965148440221e-05,3.09806469664223e-05,1.34643256916727e-05,0.000152222519944507,1.01653493747741e-05,1.1248186235165e-05,2.84351883947278e-05,4.39865685377527e-05,2.39660009713185e-05,4.19480210101805e-05,1.10929416124086e-05,0.000312623725679875,5.41317681265594e-05,1.99810753901044e-05,2.91111610576985e-05,3.16043916649988e-05,6.24481183784818e-05,3.40136110043947e-06,6.40652966710698e-05,6.46489383809892e-06,3.14411152111809e-05,2.12044692940726e-05,0,1.95297974135798e-05,5.19973300844428e-06,2.93024997744125e-05,5.29810398270381e-05,3.12626316366642e-05,9.08791644827146e-05,1.21355701716722e-05,6.35144703268687e-05,1.2238397267588e-05,1.19101874437541e-05,2.46400429056686e-05,4.554106484807e-05,8.84184684078787e-05,3.96304094782071e-05,1.45059221887282e-05,2.12147758744908e-06,0.000439488673754996,3.93514578071074e-05,3.07519995519276e-05,2.51370545775909e-05,9.64687923392121e-05,5.52539497258218e-05,5.17856520193151e-06,2.24184061382158e-05,3.06813278635835e-05,4.85110730913491e-05,1.00586818841112e-05,9.90669492710011e-05,1.2357632046363e-05,9.00937019548793e-05,1.26389427167954e-05,6.48741596297863e-05,4.31934392620859e-05,1.40877895569953e-05,3.12245997932547e-05,6.12560514239862e-05,1.32036492445706e-05,2.36815941142618e-05,1.84374754100384e-05,1.62238002653337e-05,6.57759994580381e-05,1.61318624788379e-05,8.35220353136473e-05,0.000229660780228924,3.21675465890462e-05,1.869622112852e-05,0.00010111168215099,3.92314998827037e-05
2.07826086008941e-05,1.77975055702179e-05,5.05668988848676e-05,2.07853046001316e-05,0.000258456074084298,1.6154027243402e-05,1.80701455139361e-05,4.85617424311842e-05,7.17124142581151e-05,3.90130045903375e-05,6.74187686808878e-05,1.81163074800461e-05,0.000530619556104014,9.05734985483375e-05,3.21794047731921e-05,4.77186529196485e-05,5.12323262591543e-05,0.000105081878028037,5.38527251846522e-06,0.000106884132455777,1.04388599015795e-05,5.28081518551053e-05,3.61272884482167e-05,1.95297974135798e-05,0,7.27431144249192e-06,3.95214321340309e-05,7.75365168191257e-05,4.27505020332022e-05,0.000135967118917278,1.78860312326787e-05,9.50405656806799e-05,1.7546531912038e-05,1.74437048161222e-05,3.45724340755006e-05,6.7462915668401e-05,0.00012863728674049,5.50649419251152e-05,2.02217845928542e-05,3.2537130172011e-06,0.000674934289035205,5.53315720372e-05,4.35338372491392e-05,3.61737172059178e-05,0.000145199814035016,8.08963637438073e-05,7.44920737219002e-06,3.35925717484839e-05,4.41845981067409e-05,7.01106396695035e-05,1.43802844117643e-05,0.000149736317189386,1.77917133843562e-05,0.000134164169427235,1.77210346751807e-05,9.30282549998534e-05,6.25571869934655e-05,1.98350982647268e-05,4.45450897131107e-05,9.18496820832078e-05,1.92231415419828e-05,3.35896159784865e-05,2.71305915553941e-05,2.32085024147404e-05,9.5995686598028e-05,2.23183803540076e-05,0.000122411108189038,0.00034035823510612,4.70532957536753e-05,2.66339028417138e-05,0.000149093847933605,5.87417091768239e-05
5.53688737141494e-06,4.69943558745128e-06,1.33749294461247e-05,5.4023331386397e-06,6.91619006878503e-05,4.23766848889348e-06,4.75638857134237e-06,1.30166564224607e-05,1.89612715535516e-05,1.03105542087036e-05,1.77482403966523e-05,4.79258095693884e-06,0.000141978073883772,2.41343254028753e-05,8.47670603989972e-06,1.26378334254425e-05,1.35227039043273e-05,2.80465853796425e-05,1.41107476755017e-06,2.8456243867939e-05,2.75200440910725e-06,1.4086996203053e-05,9.67711374203617e-06,5.19973300844428e-06,7.27431144249192e-06,0,9.78838689806303e-06,1.97926713808937e-05,1.06448581141471e-05,3.49731690871544e-05,4.57698526791917e-06,2.44474053351553e-05,4.44658034647031e-06,4.45403646936138e-06,8.69242810388365e-06,1.72939294209856e-05,3.27691475855525e-05,1.37944592232958e-05,5.07205216955827e-06,8.4386882381529e-07,0.000175125026445797,1.39227719370031e-05,1.09814929355981e-05,9.17922446619537e-06,3.74239447272963e-05,2.06533270124609e-05,1.88999375708996e-06,8.64512174226406e-06,1.12149496195658e-05,1.78181257518855e-05,3.6404555119793e-06,3.86475422353736e-05,4.51547576448354e-06,3.44545753796698e-05,4.45435942760337e-06,2.35763588731938e-05,1.59103903539804e-05,4.99345396262277e-06,1.12681745420114e-05,2.36430708126579e-05,4.89813915624882e-06,8.4790369559071e-06,6.93878591239389e-06,5.87666752530957e-06,2.44809719298278e-05,5.58198217116007e-06,3.12637058238603e-05,8.72628185055827e-05,1.20091811657541e-05,6.73384082452841e-06,3.81589766235623e-05,1.51134487668919e-05
